%!PS
%%BoundingBox: -1 -1 150 120 
%%HiResBoundingBox: -0.24907 -0.24907 149.68831 119.80046 
%%Creator: MetaPost 2.10
%%CreationDate: 2025.07.14:0728
%%Pages: 1
%%BeginProlog
%%EndProlog
%%Page: 1 1
 0 0 0 setrgbcolor 0 0.49814 dtransform truncate idtransform setlinewidth pop
 [] 0 setdash 1 setlinecap 1 setlinejoin 10 setmiterlimit
newpath 0 59.7757 moveto
149.43924 59.7757 lineto stroke
newpath 144.45793 62.26636 moveto
145.63387 60.69844 147.47935 59.7757 149.43924 59.7757 curveto
147.47935 59.7757 145.63387 58.85295 144.45793 57.28503 curveto stroke
 0.49814 0 dtransform exch truncate exch idtransform pop setlinewidth
newpath 74.71962 0 moveto
74.71962 119.55139 lineto stroke
 0 0.49814 dtransform truncate idtransform setlinewidth pop
newpath 72.22896 114.57008 moveto
73.79688 115.74602 74.71962 117.5915 74.71962 119.55139 curveto
74.71962 117.5915 75.64236 115.74602 77.21028 114.57008 curveto stroke
 0.49814 0 dtransform exch truncate exch idtransform pop setlinewidth
newpath 14.94392 57.78317 moveto
14.94392 61.76822 lineto stroke
newpath 29.88785 57.78317 moveto
29.88785 61.76822 lineto stroke
newpath 44.83177 57.78317 moveto
44.83177 61.76822 lineto stroke
newpath 59.7757 57.78317 moveto
59.7757 61.76822 lineto stroke
newpath 89.66354 57.78317 moveto
89.66354 61.76822 lineto stroke
newpath 104.60747 57.78317 moveto
104.60747 61.76822 lineto stroke
newpath 119.55139 57.78317 moveto
119.55139 61.76822 lineto stroke
newpath 134.49532 57.78317 moveto
134.49532 61.76822 lineto stroke
 0 0.49814 dtransform truncate idtransform setlinewidth pop
newpath 76.71214 14.94392 moveto
72.7271 14.94392 lineto stroke
newpath 76.71214 29.88785 moveto
72.7271 29.88785 lineto stroke
newpath 76.71214 44.83177 moveto
72.7271 44.83177 lineto stroke
newpath 76.71214 74.71962 moveto
72.7271 74.71962 lineto stroke
newpath 76.71214 89.66354 moveto
72.7271 89.66354 lineto stroke
newpath 76.71214 104.60747 moveto
72.7271 104.60747 lineto stroke
 0 1.24533 dtransform truncate idtransform setlinewidth pop
newpath 14.94392 59.7757 moveto
16.43796 63.29254 lineto
16.93504 64.45912 17.43237 65.62547 17.93335 66.79024 curveto
18.42885 67.942 18.92549 69.0933 19.42737 70.2421 curveto
19.92151 71.37288 20.41815 72.50229 20.9214 73.62897 curveto
21.41417 74.73193 21.91081 75.8333 22.41544 76.93102 curveto
22.90729 78.00069 23.40414 79.06786 23.91083 80.13045 curveto
24.40062 81.15771 24.89726 82.182 25.40485 83.20059 curveto
25.89328 84.18088 26.3897 85.15729 26.89888 86.12709 curveto
27.38571 87.05424 27.88213 87.97638 28.39291 88.89076 curveto
28.8786 89.76022 29.37547 90.62354 29.8883 91.47726 curveto
30.37218 92.28242 30.86813 93.08006 31.38232 93.86607 curveto
31.86438 94.60304 32.36057 95.33113 32.87636 96.04486 curveto
33.35704 96.71 33.85277 97.36398 34.37039 98.00064 curveto
34.84993 98.59055 35.34634 99.16676 35.86578 99.72177 curveto
36.34395 100.23256 36.8399 100.72646 37.3598 101.1946 curveto
37.83752 101.62488 38.33371 102.03465 38.85384 102.41295 curveto
39.33269 102.76137 39.83025 103.08403 40.34923 103.36928 curveto
40.83014 103.63358 41.32816 103.86569 41.84326 104.05542 curveto
42.32895 104.23419 42.82811 104.37534 43.3373 104.46928 curveto
43.83005 104.56027 44.33011 104.60747 44.83131 104.60747 curveto
45.33298 104.60747 45.8335 104.56027 46.3267 104.46928 curveto
46.83589 104.37534 47.33504 104.23442 47.82074 104.05542 curveto
48.33585 103.86569 48.83363 103.63289 49.31477 103.3686 curveto
49.8333 103.08357 50.3304 102.7616 50.80879 102.41364 curveto
51.32938 102.03511 51.82602 101.62534 52.30418 101.1946 curveto
52.8241 100.72623 53.32005 100.2321 53.79822 99.7211 curveto
54.3172 99.16653 54.81293 98.59055 55.29225 98.00133 curveto
55.80986 97.3649 56.30559 96.71115 56.78627 96.04622 curveto
57.30275 95.33182 57.79916 94.60304 58.28166 93.86539 curveto
58.79587 93.07938 59.29182 92.28174 59.7757 91.47658 curveto
60.28807 90.62354 60.78448 89.76091 61.26973 88.89214 curveto
61.78096 87.97684 62.27783 87.05379 62.76512 86.12572 curveto
63.2743 85.15593 63.77072 84.17952 64.25914 83.19923 curveto
64.76674 82.18063 65.26337 81.15634 65.75317 80.12909 curveto
66.2594 79.06763 66.7558 78.0016 67.24721 76.93307 curveto
67.75227 75.83444 68.24937 74.73216 68.7426 73.62828 curveto
69.24585 72.5016 69.7425 71.3722 70.23662 70.24141 curveto
70.73851 69.09262 71.23515 67.94131 71.73065 66.78955 curveto
72.23117 65.6257 72.72781 64.46004 73.22469 63.2946 curveto
73.77696 61.99918 73.11455 59.77753 74.72008 59.77707 curveto
76.3256 59.77661 75.66228 61.99872 76.2141 63.29391 curveto
76.71074 64.45935 77.20738 65.62503 77.70813 66.78886 curveto
78.2034 67.9404 78.70027 69.09125 79.20216 70.24005 curveto
79.69675 71.37196 80.19385 72.50252 80.69756 73.63034 curveto
81.19032 74.7333 81.68697 75.83467 82.19159 76.93239 curveto
82.68298 78.00092 83.1794 79.06694 83.68561 80.1284 curveto
84.17609 81.1568 84.67273 82.18224 85.181 83.20197 curveto
85.66943 84.18202 86.16585 85.1582 86.67503 86.12778 curveto
87.1621 87.05493 87.65828 87.97707 88.16907 88.89145 curveto
88.6543 89.76022 89.15048 90.62285 89.66309 91.47589 curveto
90.14719 92.28174 90.64383 93.08006 91.15848 93.86674 curveto
91.64053 94.60373 92.13649 95.33182 92.65251 96.04555 curveto
93.1332 96.71046 93.62892 97.36421 94.14655 98.00064 curveto
94.62585 98.58986 95.12158 99.16585 95.64056 99.72041 curveto
96.11919 100.23187 96.6156 100.72646 97.13596 101.19528 curveto
97.61368 101.62556 98.11009 102.03488 98.62999 102.41295 curveto
99.10861 102.76091 99.60548 103.08357 100.12402 103.3686 curveto
100.60492 103.63289 101.10294 103.86569 101.61804 104.05542 curveto
102.1042 104.23442 102.60403 104.3751 103.11343 104.46928 curveto
103.6062 104.56027 104.10626 104.60655 104.60747 104.60747 curveto stroke
newpath 44.83177 106.59999 moveto
44.3033 106.59999 43.79654 106.39003 43.42287 106.01637 curveto
43.04921 105.6427 42.83925 105.13594 42.83925 104.60747 curveto
42.83925 104.079 43.04921 103.57224 43.42287 103.19856 curveto
43.79654 102.8249 44.3033 102.61494 44.83177 102.61494 curveto
45.36024 102.61494 45.867 102.8249 46.24068 103.19856 curveto
46.61433 103.57224 46.8243 104.079 46.8243 104.60747 curveto
46.8243 105.13594 46.61433 105.6427 46.24068 106.01637 curveto
45.867 106.39003 45.36024 106.59999 44.83177 106.59999 curveto closepath fill
newpath 104.60747 106.59999 moveto
104.079 106.59999 103.57224 106.39003 103.19856 106.01637 curveto
102.8249 105.6427 102.61494 105.13594 102.61494 104.60747 curveto
102.61494 104.079 102.8249 103.57224 103.19856 103.19856 curveto
103.57224 102.8249 104.079 102.61494 104.60747 102.61494 curveto
105.13594 102.61494 105.6427 102.8249 106.01637 103.19856 curveto
106.39003 103.57224 106.59999 104.079 106.59999 104.60747 curveto
106.59999 105.13594 106.39003 105.6427 106.01637 106.01637 curveto
105.6427 106.39003 105.13594 106.59999 104.60747 106.59999 curveto closepath fill
newpath 14.94392 61.76822 moveto
14.41545 61.76822 13.90869 61.55826 13.53502 61.1846 curveto
13.16136 60.81093 12.9514 60.30417 12.9514 59.7757 curveto
12.9514 59.24722 13.16136 58.74046 13.53502 58.36679 curveto
13.90869 57.99313 14.41545 57.78317 14.94392 57.78317 curveto
15.4724 57.78317 15.97916 57.99313 16.35283 58.36679 curveto
16.72649 58.74046 16.93645 59.24722 16.93645 59.7757 curveto
16.93645 60.30417 16.72649 60.81093 16.35283 61.1846 curveto
15.97916 61.55826 15.4724 61.76822 14.94392 61.76822 curveto closepath fill
newpath 74.71962 61.76822 moveto
74.19115 61.76822 73.68439 61.55826 73.31071 61.1846 curveto
72.93706 60.81093 72.7271 60.30417 72.7271 59.7757 curveto
72.7271 59.24722 72.93706 58.74046 73.31071 58.36679 curveto
73.68439 57.99313 74.19115 57.78317 74.71962 57.78317 curveto
75.2481 57.78317 75.75485 57.99313 76.12852 58.36679 curveto
76.50218 58.74046 76.71214 59.24722 76.71214 59.7757 curveto
76.71214 60.30417 76.50218 60.81093 76.12852 61.1846 curveto
75.75485 61.55826 75.2481 61.76822 74.71962 61.76822 curveto closepath fill
showpage
%%EOF
