%!PS
%%BoundingBox: -1 -1 150 120 
%%HiResBoundingBox: -0.24907 -0.24907 149.68831 119.80046 
%%Creator: MetaPost 2.10
%%CreationDate: 2025.07.14:0759
%%Pages: 1
%%BeginProlog
%%EndProlog
%%Page: 1 1
 0 0 0 setrgbcolor 0 0.49814 dtransform truncate idtransform setlinewidth pop
 [] 0 setdash 1 setlinecap 1 setlinejoin 10 setmiterlimit
newpath 0 59.7757 moveto
149.43924 59.7757 lineto stroke
newpath 144.45793 62.26636 moveto
145.63387 60.69844 147.47935 59.7757 149.43924 59.7757 curveto
147.47935 59.7757 145.63387 58.85295 144.45793 57.28503 curveto stroke
 0.49814 0 dtransform exch truncate exch idtransform pop setlinewidth
newpath 74.71962 0 moveto
74.71962 119.55139 lineto stroke
 0 0.49814 dtransform truncate idtransform setlinewidth pop
newpath 72.22896 114.57008 moveto
73.79688 115.74602 74.71962 117.5915 74.71962 119.55139 curveto
74.71962 117.5915 75.64236 115.74602 77.21028 114.57008 curveto stroke
 0.49814 0 dtransform exch truncate exch idtransform pop setlinewidth
newpath 14.94392 57.78317 moveto
14.94392 61.76822 lineto stroke
newpath 29.88785 57.78317 moveto
29.88785 61.76822 lineto stroke
newpath 44.83177 57.78317 moveto
44.83177 61.76822 lineto stroke
newpath 59.7757 57.78317 moveto
59.7757 61.76822 lineto stroke
newpath 89.66354 57.78317 moveto
89.66354 61.76822 lineto stroke
newpath 104.60747 57.78317 moveto
104.60747 61.76822 lineto stroke
newpath 119.55139 57.78317 moveto
119.55139 61.76822 lineto stroke
newpath 134.49532 57.78317 moveto
134.49532 61.76822 lineto stroke
 0 0.49814 dtransform truncate idtransform setlinewidth pop
newpath 76.71214 14.94392 moveto
72.7271 14.94392 lineto stroke
newpath 76.71214 29.88785 moveto
72.7271 29.88785 lineto stroke
newpath 76.71214 44.83177 moveto
72.7271 44.83177 lineto stroke
newpath 76.71214 74.71962 moveto
72.7271 74.71962 lineto stroke
newpath 76.71214 89.66354 moveto
72.7271 89.66354 lineto stroke
newpath 76.71214 104.60747 moveto
72.7271 104.60747 lineto stroke
 0 1.24533 dtransform truncate idtransform setlinewidth pop
newpath 14.94392 59.7757 moveto
16.43796 56.25885 lineto
16.93504 55.09227 17.43237 53.92592 17.93335 52.76115 curveto
18.42885 51.60939 18.92549 50.45808 19.42737 49.3093 curveto
19.92151 48.17851 20.41815 47.0491 20.9214 45.92242 curveto
21.41417 44.81946 21.91081 43.7181 22.41544 42.62038 curveto
22.90729 41.5507 23.40414 40.48354 23.91083 39.42094 curveto
24.40062 38.39368 24.89726 37.36938 25.40485 36.3508 curveto
25.89328 35.37051 26.3897 34.3941 26.89888 33.4243 curveto
27.38571 32.49715 27.88213 31.57501 28.39291 30.66063 curveto
28.8786 29.79117 29.37547 28.92786 29.8883 28.07413 curveto
30.37218 27.26897 30.86813 26.47133 31.38232 25.68532 curveto
31.86438 24.94835 32.36057 24.22026 32.87636 23.50653 curveto
33.35704 22.84138 33.85277 22.18741 34.37039 21.55075 curveto
34.84993 20.96085 35.34634 20.38463 35.86578 19.82962 curveto
36.34395 19.31883 36.8399 18.82494 37.3598 18.3568 curveto
37.83752 17.92651 38.33371 17.51674 38.85384 17.13844 curveto
39.33269 16.79002 39.83025 16.46736 40.34923 16.18211 curveto
40.83014 15.91782 41.32816 15.6857 41.84326 15.49597 curveto
42.32895 15.3172 42.82811 15.17606 43.3373 15.0821 curveto
43.83005 14.99112 44.33011 14.94392 44.83131 14.94392 curveto
45.33298 14.94392 45.8335 14.99112 46.3267 15.0821 curveto
46.83589 15.17606 47.33504 15.31697 47.82074 15.49597 curveto
48.33585 15.6857 48.83363 15.9185 49.31477 16.18279 curveto
49.8333 16.46782 50.3304 16.7898 50.80879 17.13776 curveto
51.32938 17.51628 51.82602 17.92606 52.30418 18.3568 curveto
52.8241 18.82516 53.32005 19.31929 53.79822 19.83029 curveto
54.3172 20.38486 54.81293 20.96085 55.29225 21.55006 curveto
55.80986 22.1865 56.30559 22.84024 56.78627 23.50517 curveto
57.30275 24.21957 57.79916 24.94835 58.28166 25.686 curveto
58.79587 26.47202 59.29182 27.26965 59.7757 28.07481 curveto
60.28807 28.92786 60.78448 29.79048 61.26973 30.65926 curveto
61.78096 31.57455 62.27783 32.4976 62.76512 33.42567 curveto
63.2743 34.39546 63.77072 35.37187 64.25914 36.35216 curveto
64.76674 37.37076 65.26337 38.39505 65.75317 39.4223 curveto
66.2594 40.48376 66.7558 41.54979 67.24721 42.61832 curveto
67.75227 43.71695 68.24937 44.81923 68.7426 45.92311 curveto
69.24585 47.04979 69.7425 48.1792 70.23662 49.30998 curveto
70.73851 50.45877 71.23515 51.61008 71.73065 52.76184 curveto
72.23117 53.92569 72.72804 55.09135 73.22469 56.25679 curveto
73.72452 57.42976 74.2216 58.60364 74.72008 59.77707 curveto
75.21808 60.94934 75.71472 62.12209 76.2141 63.29391 curveto
76.71074 64.45935 77.20738 65.62503 77.70813 66.78886 curveto
78.2034 67.9404 78.70027 69.09125 79.20216 70.24005 curveto
79.69675 71.37196 80.19385 72.50252 80.69756 73.63034 curveto
81.19032 74.7333 81.68697 75.83467 82.19159 76.93239 curveto
82.68298 78.00092 83.1794 79.06694 83.68561 80.1284 curveto
84.17609 81.1568 84.67273 82.18224 85.181 83.20197 curveto
85.66943 84.18202 86.16585 85.1582 86.67503 86.12778 curveto
87.1621 87.05493 87.65828 87.97707 88.16907 88.89145 curveto
88.6543 89.76022 89.15048 90.62285 89.66309 91.47589 curveto
90.14719 92.28174 90.64383 93.08006 91.15848 93.86674 curveto
91.64053 94.60373 92.13649 95.33182 92.65251 96.04555 curveto
93.1332 96.71046 93.62892 97.36421 94.14655 98.00064 curveto
94.62585 98.58986 95.12158 99.16585 95.64056 99.72041 curveto
96.11919 100.23187 96.6156 100.72646 97.13596 101.19528 curveto
97.61368 101.62556 98.11009 102.03488 98.62999 102.41295 curveto
99.10861 102.76091 99.60548 103.08357 100.12402 103.3686 curveto
100.60492 103.63289 101.10294 103.86569 101.61804 104.05542 curveto
102.1042 104.23442 102.60403 104.3751 103.11343 104.46928 curveto
103.6062 104.56027 104.10626 104.60655 104.60747 104.60747 curveto stroke
newpath 44.83177 16.93645 moveto
44.3033 16.93645 43.79654 16.72649 43.42287 16.35283 curveto
43.04921 15.97916 42.83925 15.4724 42.83925 14.94392 curveto
42.83925 14.41545 43.04921 13.90869 43.42287 13.53502 curveto
43.79654 13.16136 44.3033 12.9514 44.83177 12.9514 curveto
45.36024 12.9514 45.867 13.16136 46.24068 13.53502 curveto
46.61433 13.90869 46.8243 14.41545 46.8243 14.94392 curveto
46.8243 15.4724 46.61433 15.97916 46.24068 16.35283 curveto
45.867 16.72649 45.36024 16.93645 44.83177 16.93645 curveto closepath fill
newpath 104.60747 106.59999 moveto
104.079 106.59999 103.57224 106.39003 103.19856 106.01637 curveto
102.8249 105.6427 102.61494 105.13594 102.61494 104.60747 curveto
102.61494 104.079 102.8249 103.57224 103.19856 103.19856 curveto
103.57224 102.8249 104.079 102.61494 104.60747 102.61494 curveto
105.13594 102.61494 105.6427 102.8249 106.01637 103.19856 curveto
106.39003 103.57224 106.59999 104.079 106.59999 104.60747 curveto
106.59999 105.13594 106.39003 105.6427 106.01637 106.01637 curveto
105.6427 106.39003 105.13594 106.59999 104.60747 106.59999 curveto closepath fill
newpath 14.94392 61.76822 moveto
14.41545 61.76822 13.90869 61.55826 13.53502 61.1846 curveto
13.16136 60.81093 12.9514 60.30417 12.9514 59.7757 curveto
12.9514 59.24722 13.16136 58.74046 13.53502 58.36679 curveto
13.90869 57.99313 14.41545 57.78317 14.94392 57.78317 curveto
15.4724 57.78317 15.97916 57.99313 16.35283 58.36679 curveto
16.72649 58.74046 16.93645 59.24722 16.93645 59.7757 curveto
16.93645 60.30417 16.72649 60.81093 16.35283 61.1846 curveto
15.97916 61.55826 15.4724 61.76822 14.94392 61.76822 curveto closepath fill
newpath 74.71962 61.76822 moveto
74.19115 61.76822 73.68439 61.55826 73.31071 61.1846 curveto
72.93706 60.81093 72.7271 60.30417 72.7271 59.7757 curveto
72.7271 59.24722 72.93706 58.74046 73.31071 58.36679 curveto
73.68439 57.99313 74.19115 57.78317 74.71962 57.78317 curveto
75.2481 57.78317 75.75485 57.99313 76.12852 58.36679 curveto
76.50218 58.74046 76.71214 59.24722 76.71214 59.7757 curveto
76.71214 60.30417 76.50218 60.81093 76.12852 61.1846 curveto
75.75485 61.55826 75.2481 61.76822 74.71962 61.76822 curveto closepath fill
showpage
%%EOF
