%!PS
%%BoundingBox: -1 -1 140 120 
%%HiResBoundingBox: -0.24907 -0.24907 139.7257 119.80046 
%%Creator: MetaPost 2.10
%%CreationDate: 2025.06.11:1325
%%Pages: 1
%%BeginProlog
%%EndProlog
%%Page: 1 1
 0 0 0 setrgbcolor 0 0.49814 dtransform truncate idtransform setlinewidth pop
 [] 0 setdash 1 setlinecap 1 setlinejoin 10 setmiterlimit
newpath 0 39.85046 moveto
139.47662 39.85046 lineto stroke
newpath 134.49532 42.34113 moveto
135.67125 40.77321 137.51674 39.85046 139.47662 39.85046 curveto
137.51674 39.85046 135.67125 38.92772 134.49532 37.3598 curveto stroke
 0.49814 0 dtransform exch truncate exch idtransform pop setlinewidth
newpath 39.85046 0 moveto
39.85046 119.55139 lineto stroke
 0 0.49814 dtransform truncate idtransform setlinewidth pop
newpath 37.3598 114.57008 moveto
38.92772 115.74602 39.85046 117.5915 39.85046 119.55139 curveto
39.85046 117.5915 40.77321 115.74602 42.34113 114.57008 curveto stroke
 0.49814 0 dtransform exch truncate exch idtransform pop setlinewidth
newpath 19.92523 37.85794 moveto
19.92523 41.84299 lineto stroke
newpath 39.85046 37.85794 moveto
39.85046 41.84299 lineto stroke
newpath 59.7757 37.85794 moveto
59.7757 41.84299 lineto stroke
newpath 79.70093 37.85794 moveto
79.70093 41.84299 lineto stroke
newpath 99.62616 37.85794 moveto
99.62616 41.84299 lineto stroke
newpath 119.55139 37.85794 moveto
119.55139 41.84299 lineto stroke
 0 0.49814 dtransform truncate idtransform setlinewidth pop
newpath 41.84299 19.92523 moveto
37.85794 19.92523 lineto stroke
newpath 41.84299 39.85046 moveto
37.85794 39.85046 lineto stroke
newpath 41.84299 59.7757 moveto
37.85794 59.7757 lineto stroke
newpath 41.84299 79.70093 moveto
37.85794 79.70093 lineto stroke
newpath 41.84299 99.62616 moveto
37.85794 99.62616 lineto stroke
newpath 39.85046 41.84299 moveto
39.32199 41.84299 38.81523 41.63303 38.44156 41.25937 curveto
38.0679 40.8857 37.85794 40.37894 37.85794 39.85046 curveto
37.85794 39.32199 38.0679 38.81523 38.44156 38.44156 curveto
38.81523 38.0679 39.32199 37.85794 39.85046 37.85794 curveto
40.37894 37.85794 40.8857 38.0679 41.25937 38.44156 curveto
41.63303 38.81523 41.84299 39.32199 41.84299 39.85046 curveto
41.84299 40.37894 41.63303 40.8857 41.25937 41.25937 curveto
40.8857 41.63303 40.37894 41.84299 39.85046 41.84299 curveto closepath fill
newpath 99.62616 41.84299 moveto
99.09769 41.84299 98.59093 41.63303 98.21725 41.25937 curveto
97.8436 40.8857 97.63364 40.37894 97.63364 39.85046 curveto
97.63364 39.32199 97.8436 38.81523 98.21725 38.44156 curveto
98.59093 38.0679 99.09769 37.85794 99.62616 37.85794 curveto
100.15463 37.85794 100.66139 38.0679 101.03506 38.44156 curveto
101.40872 38.81523 101.61868 39.32199 101.61868 39.85046 curveto
101.61868 40.37894 101.40872 40.8857 101.03506 41.25937 curveto
100.66139 41.63303 100.15463 41.84299 99.62616 41.84299 curveto closepath fill
newpath 63.76068 72.34863 moveto
63.23221 72.34863 62.72545 72.13867 62.35178 71.76501 curveto
61.97812 71.39134 61.76816 70.88458 61.76816 70.35611 curveto
61.76816 69.82764 61.97812 69.32088 62.35178 68.9472 curveto
62.72545 68.57355 63.23221 68.36359 63.76068 68.36359 curveto
64.28915 68.36359 64.79591 68.57355 65.16959 68.9472 curveto
65.54324 69.32088 65.7532 69.82764 65.7532 70.35611 curveto
65.7532 70.88458 65.54324 71.39134 65.16959 71.76501 curveto
64.79591 72.13867 64.28915 72.34863 63.76068 72.34863 curveto closepath fill
 0 1.24533 dtransform truncate idtransform setlinewidth pop
newpath 39.85046 39.85046 moveto
40.16028 44.90018 40.82611 49.92192 41.84341 54.87799 curveto
42.16904 56.46384 43.06259 57.84628 43.83545 59.26462 curveto
44.40126 60.30289 45.09962 61.25969 45.8284 62.19034 curveto
46.43343 62.96289 47.11264 63.67342 47.82043 64.35324 curveto
48.44522 64.95341 49.11806 65.50128 49.81339 66.01814 curveto
50.44972 66.49152 51.11922 66.91838 51.80542 67.31607 curveto
52.45058 67.68973 53.11794 68.02234 53.79837 68.32668 curveto
54.4487 68.61765 55.11514 68.8712 55.7904 69.098 curveto
56.4456 69.31813 57.11143 69.50421 57.78336 69.66504 curveto
58.44159 69.82253 59.10652 69.94962 59.77539 70.05177 curveto
60.43637 70.15271 61.1016 70.22507 61.76834 70.27432 curveto
62.43114 70.32327 63.09576 70.34578 63.76038 70.34608 curveto
64.42531 70.34637 65.08992 70.32205 65.75333 70.27646 curveto
66.41946 70.23085 67.08379 70.16214 67.74536 70.07275 curveto
68.41302 69.98245 69.07764 69.86996 69.73831 69.738 curveto
70.4072 69.60423 71.07181 69.44978 71.73126 69.27588 curveto
72.40074 69.09923 73.06537 68.90282 73.7233 68.68726 curveto
74.3943 68.46745 75.05893 68.22847 75.71625 67.97035 curveto
76.38786 67.70676 77.05247 67.4246 77.70828 67.12361 curveto
78.38141 66.81471 79.04634 66.48787 79.70123 66.14159 curveto
80.37558 65.78525 81.0402 65.41098 81.69327 65.01756 curveto
82.36914 64.61046 83.03436 64.18542 83.68622 63.74062 curveto
84.3636 63.27818 85.02914 62.79842 85.67825 62.29736 curveto
86.35808 61.7726 87.02422 61.22989 87.6712 60.665 curveto
88.35376 60.06879 89.02081 59.45494 89.66324 58.81586 curveto
90.35005 58.13269 91.01955 57.43158 91.65619 56.7013 curveto
92.34909 55.90685 93.02222 55.09447 93.64822 54.24622 curveto
94.35237 53.29214 95.03706 52.32259 95.64117 51.30225 curveto
96.36964 50.07121 97.16257 48.86601 97.63321 47.51366 curveto
98.50214 45.01692 99.1686 42.45422 99.62616 39.85046 curveto stroke
showpage
%%EOF
