%!PS
%%BoundingBox: -1 -1 175 150 
%%HiResBoundingBox: -0.24907 -0.24907 174.96844 149.68831 
%%Creator: MetaPost 2.10
%%CreationDate: 2025.06.13:1042
%%Pages: 1
%%BeginProlog
%%EndProlog
%%Page: 1 1
 0 0 0 setrgbcolor 0 0.49814 dtransform truncate idtransform setlinewidth pop
 [] 0 setdash 1 setlinecap 1 setlinejoin 10 setmiterlimit
newpath 0 24.90654 moveto
174.34578 24.90654 lineto stroke
newpath 169.36447 27.3972 moveto
170.5404 25.82928 172.3859 24.90654 174.34578 24.90654 curveto
172.3859 24.90654 170.5404 23.9838 169.36447 22.41588 curveto stroke
 0.49814 0 dtransform exch truncate exch idtransform pop setlinewidth
newpath 24.90654 0 moveto
24.90654 149.43924 lineto stroke
 0 0.49814 dtransform truncate idtransform setlinewidth pop
newpath 22.41588 144.45793 moveto
23.9838 145.63387 24.90654 147.47935 24.90654 149.43924 curveto
24.90654 147.47935 25.82928 145.63387 27.3972 144.45793 curveto stroke
 0.49814 0 dtransform exch truncate exch idtransform pop setlinewidth
newpath 49.81308 22.91402 moveto
49.81308 26.89906 lineto stroke
newpath 74.71962 22.91402 moveto
74.71962 26.89906 lineto stroke
newpath 99.62616 22.91402 moveto
99.62616 26.89906 lineto stroke
newpath 124.5327 22.91402 moveto
124.5327 26.89906 lineto stroke
newpath 149.43924 22.91402 moveto
149.43924 26.89906 lineto stroke
 0 0.49814 dtransform truncate idtransform setlinewidth pop
newpath 26.89906 49.81308 moveto
22.91402 49.81308 lineto stroke
newpath 26.89906 74.71962 moveto
22.91402 74.71962 lineto stroke
newpath 26.89906 99.62616 moveto
22.91402 99.62616 lineto stroke
newpath 26.89906 124.5327 moveto
22.91402 124.5327 lineto stroke
 0 1.24533 dtransform truncate idtransform setlinewidth pop
newpath 24.90654 96.51285 moveto
39.85062 96.51285 lineto stroke
newpath 39.85062 115.19275 moveto
149.43924 115.19275 lineto stroke
newpath 149.43924 96.51285 moveto
174.34578 96.51285 lineto stroke
newpath 171.357 98.00725 moveto
172.06255 97.0665 173.16985 96.51285 174.34578 96.51285 curveto
173.16985 96.51285 172.06255 95.9592 171.357 95.01845 curveto stroke
newpath 24.90654 98.00725 moveto
24.51018 98.00725 24.13011 97.84976 23.84987 97.56952 curveto
23.56963 97.28928 23.41214 96.90921 23.41214 96.51285 curveto
23.41214 96.11649 23.56963 95.73642 23.84987 95.45618 curveto
24.13011 95.17593 24.51018 95.01845 24.90654 95.01845 curveto
25.3029 95.01845 25.68297 95.17593 25.96321 95.45618 curveto
26.24345 95.73642 26.40094 96.11649 26.40094 96.51285 curveto
26.40094 96.90921 26.24345 97.28928 25.96321 97.56952 curveto
25.68297 97.84976 25.3029 98.00725 24.90654 98.00725 curveto closepath fill
newpath 149.43924 98.00725 moveto
149.04288 98.00725 148.66281 97.84976 148.38257 97.56952 curveto
148.10233 97.28928 147.94484 96.90921 147.94484 96.51285 curveto
147.94484 96.11649 148.10233 95.73642 148.38257 95.45618 curveto
148.66281 95.17593 149.04288 95.01845 149.43924 95.01845 curveto
149.8356 95.01845 150.21567 95.17593 150.49591 95.45618 curveto
150.77615 95.73642 150.93364 96.11649 150.93364 96.51285 curveto
150.93364 96.90921 150.77615 97.28928 150.49591 97.56952 curveto
150.21567 97.84976 149.8356 98.00725 149.43924 98.00725 curveto closepath fill
newpath 39.85062 116.68715 moveto
39.45425 116.68715 39.07419 116.52966 38.79395 116.24942 curveto
38.5137 115.96918 38.35622 115.58911 38.35622 115.19275 curveto
38.35622 114.79639 38.5137 114.41632 38.79395 114.13608 curveto
39.07419 113.85583 39.45425 113.69835 39.85062 113.69835 curveto
40.24698 113.69835 40.62704 113.85583 40.90729 114.13608 curveto
41.18753 114.41632 41.34502 114.79639 41.34502 115.19275 curveto
41.34502 115.58911 41.18753 115.96918 40.90729 116.24942 curveto
40.62704 116.52966 40.24698 116.68715 39.85062 116.68715 curveto closepath fill
 1 1 1 setrgbcolor
newpath 39.85062 98.00725 moveto
39.45425 98.00725 39.07419 97.84976 38.79395 97.56952 curveto
38.5137 97.28928 38.35622 96.90921 38.35622 96.51285 curveto
38.35622 96.11649 38.5137 95.73642 38.79395 95.45618 curveto
39.07419 95.17593 39.45425 95.01845 39.85062 95.01845 curveto
40.24698 95.01845 40.62704 95.17593 40.90729 95.45618 curveto
41.18753 95.73642 41.34502 96.11649 41.34502 96.51285 curveto
41.34502 96.90921 41.18753 97.28928 40.90729 97.56952 curveto
40.62704 97.84976 40.24698 98.00725 39.85062 98.00725 curveto closepath fill
newpath 149.43924 116.68715 moveto
149.04288 116.68715 148.66281 116.52966 148.38257 116.24942 curveto
148.10233 115.96918 147.94484 115.58911 147.94484 115.19275 curveto
147.94484 114.79639 148.10233 114.41632 148.38257 114.13608 curveto
148.66281 113.85583 149.04288 113.69835 149.43924 113.69835 curveto
149.8356 113.69835 150.21567 113.85583 150.49591 114.13608 curveto
150.77615 114.41632 150.93364 114.79639 150.93364 115.19275 curveto
150.93364 115.58911 150.77615 115.96918 150.49591 116.24942 curveto
150.21567 116.52966 149.8356 116.68715 149.43924 116.68715 curveto closepath fill
 0 0 0 setrgbcolor
newpath 39.85062 98.00725 moveto
39.45425 98.00725 39.07419 97.84976 38.79395 97.56952 curveto
38.5137 97.28928 38.35622 96.90921 38.35622 96.51285 curveto
38.35622 96.11649 38.5137 95.73642 38.79395 95.45618 curveto
39.07419 95.17593 39.45425 95.01845 39.85062 95.01845 curveto
40.24698 95.01845 40.62704 95.17593 40.90729 95.45618 curveto
41.18753 95.73642 41.34502 96.11649 41.34502 96.51285 curveto
41.34502 96.90921 41.18753 97.28928 40.90729 97.56952 curveto
40.62704 97.84976 40.24698 98.00725 39.85062 98.00725 curveto stroke
newpath 149.43924 116.68715 moveto
149.04288 116.68715 148.66281 116.52966 148.38257 116.24942 curveto
148.10233 115.96918 147.94484 115.58911 147.94484 115.19275 curveto
147.94484 114.79639 148.10233 114.41632 148.38257 114.13608 curveto
148.66281 113.85583 149.04288 113.69835 149.43924 113.69835 curveto
149.8356 113.69835 150.21567 113.85583 150.49591 114.13608 curveto
150.77615 114.41632 150.93364 114.79639 150.93364 115.19275 curveto
150.93364 115.58911 150.77615 115.96918 150.49591 116.24942 curveto
150.21567 116.52966 149.8356 116.68715 149.43924 116.68715 curveto stroke
showpage
%%EOF
