%!PS
%%BoundingBox: -1 -1 150 120 
%%HiResBoundingBox: -0.24907 -0.24907 149.68831 119.80046 
%%Creator: MetaPost 2.10
%%CreationDate: 2025.07.14:1045
%%Pages: 1
%%BeginProlog
%%EndProlog
%%Page: 1 1
 0 0 0 setrgbcolor 0 0.49814 dtransform truncate idtransform setlinewidth pop
 [] 0 setdash 1 setlinecap 1 setlinejoin 10 setmiterlimit
newpath 0 59.7757 moveto
149.43924 59.7757 lineto stroke
newpath 144.45793 62.26636 moveto
145.63387 60.69844 147.47935 59.7757 149.43924 59.7757 curveto
147.47935 59.7757 145.63387 58.85295 144.45793 57.28503 curveto stroke
 0.49814 0 dtransform exch truncate exch idtransform pop setlinewidth
newpath 74.71962 0 moveto
74.71962 119.55139 lineto stroke
 0 0.49814 dtransform truncate idtransform setlinewidth pop
newpath 72.22896 114.57008 moveto
73.79688 115.74602 74.71962 117.5915 74.71962 119.55139 curveto
74.71962 117.5915 75.64236 115.74602 77.21028 114.57008 curveto stroke
 0.49814 0 dtransform exch truncate exch idtransform pop setlinewidth
newpath 14.94392 57.78317 moveto
14.94392 61.76822 lineto stroke
newpath 29.88785 57.78317 moveto
29.88785 61.76822 lineto stroke
newpath 44.83177 57.78317 moveto
44.83177 61.76822 lineto stroke
newpath 59.7757 57.78317 moveto
59.7757 61.76822 lineto stroke
newpath 89.66354 57.78317 moveto
89.66354 61.76822 lineto stroke
newpath 104.60747 57.78317 moveto
104.60747 61.76822 lineto stroke
newpath 119.55139 57.78317 moveto
119.55139 61.76822 lineto stroke
newpath 134.49532 57.78317 moveto
134.49532 61.76822 lineto stroke
 0 0.49814 dtransform truncate idtransform setlinewidth pop
newpath 76.71214 14.94392 moveto
72.7271 14.94392 lineto stroke
newpath 76.71214 29.88785 moveto
72.7271 29.88785 lineto stroke
newpath 76.71214 44.83177 moveto
72.7271 44.83177 lineto stroke
newpath 76.71214 74.71962 moveto
72.7271 74.71962 lineto stroke
newpath 76.71214 89.66354 moveto
72.7271 89.66354 lineto stroke
newpath 76.71214 104.60747 moveto
72.7271 104.60747 lineto stroke
 0 1.24533 dtransform truncate idtransform setlinewidth pop
newpath 44.83177 104.60747 moveto
45.33298 104.60655 45.83304 104.56027 46.3258 104.46928 curveto
46.8352 104.37534 47.3346 104.23442 47.82074 104.05542 curveto
48.33585 103.86569 48.83363 103.63289 49.31477 103.3686 curveto
49.83376 103.08334 50.33109 102.76114 50.80971 102.41295 curveto
51.32983 102.03465 51.82602 101.62488 52.30373 101.1946 curveto
52.82364 100.72646 53.3196 100.23256 53.79776 99.72177 curveto
54.3172 99.16676 54.81316 98.59032 55.2927 98.00064 curveto
55.81009 97.36398 56.30605 96.71046 56.78673 96.04555 curveto
57.30298 95.33136 57.79916 94.60281 58.28166 93.86539 curveto
58.79587 93.07938 59.29182 92.28174 59.7757 91.47658 curveto
60.28807 90.62354 60.78448 89.76091 61.26973 88.89214 curveto
61.78073 87.9773 62.27737 87.0547 62.76466 86.12709 curveto
63.27385 85.15752 63.77026 84.18088 64.2587 83.20059 curveto
64.76674 82.18132 65.26337 81.15634 65.75363 80.1284 curveto
66.25984 79.06694 66.75626 78.00092 67.24765 76.93239 curveto
67.75227 75.83467 68.24892 74.7333 68.74168 73.63034 curveto
69.24516 72.50298 69.74226 71.37288 70.23662 70.24141 curveto
70.73851 69.09262 71.23515 67.94131 71.73065 66.78955 curveto
72.23163 65.62503 72.7285 64.45866 73.22559 63.29254 curveto
73.77742 61.99736 73.11432 59.7757 74.71962 59.7757 curveto
76.32492 59.7757 75.66182 61.99736 76.21365 63.29254 curveto
76.71074 64.45866 77.20761 65.62503 77.70859 66.78955 curveto
78.20409 67.94131 78.70073 69.09262 79.20262 70.24141 curveto
79.69698 71.37288 80.19408 72.50298 80.69756 73.63034 curveto
81.19032 74.7333 81.68697 75.83467 82.19159 76.93239 curveto
82.68298 78.00092 83.1794 79.06694 83.68561 80.1284 curveto
84.17587 81.15634 84.6725 82.18132 85.18054 83.20059 curveto
85.66898 84.18088 86.16539 85.15752 86.67458 86.12709 curveto
87.16187 87.0547 87.65851 87.9773 88.16951 88.89214 curveto
88.65475 89.76091 89.15117 90.62354 89.66354 91.47658 curveto
90.14742 92.28174 90.64337 93.07938 91.15758 93.86539 curveto
91.64008 94.60281 92.13626 95.33136 92.65251 96.04555 curveto
93.1332 96.71046 93.62915 97.36398 94.14655 98.00064 curveto
94.62608 98.59032 95.12204 99.16676 95.64148 99.72177 curveto
96.11964 100.23256 96.6156 100.72646 97.13551 101.1946 curveto
97.61322 101.62488 98.1094 102.03465 98.62953 102.41295 curveto
99.10815 102.76114 99.60548 103.08334 100.12447 103.3686 curveto
100.6056 103.63289 101.1034 103.86569 101.6185 104.05542 curveto
102.10464 104.23442 102.60403 104.37534 103.11343 104.46928 curveto
103.6062 104.56027 104.10626 104.60655 104.60747 104.60747 curveto stroke
newpath 44.83177 106.59999 moveto
44.3033 106.59999 43.79654 106.39003 43.42287 106.01637 curveto
43.04921 105.6427 42.83925 105.13594 42.83925 104.60747 curveto
42.83925 104.079 43.04921 103.57224 43.42287 103.19856 curveto
43.79654 102.8249 44.3033 102.61494 44.83177 102.61494 curveto
45.36024 102.61494 45.867 102.8249 46.24068 103.19856 curveto
46.61433 103.57224 46.8243 104.079 46.8243 104.60747 curveto
46.8243 105.13594 46.61433 105.6427 46.24068 106.01637 curveto
45.867 106.39003 45.36024 106.59999 44.83177 106.59999 curveto closepath fill
newpath 104.60747 106.59999 moveto
104.079 106.59999 103.57224 106.39003 103.19856 106.01637 curveto
102.8249 105.6427 102.61494 105.13594 102.61494 104.60747 curveto
102.61494 104.079 102.8249 103.57224 103.19856 103.19856 curveto
103.57224 102.8249 104.079 102.61494 104.60747 102.61494 curveto
105.13594 102.61494 105.6427 102.8249 106.01637 103.19856 curveto
106.39003 103.57224 106.59999 104.079 106.59999 104.60747 curveto
106.59999 105.13594 106.39003 105.6427 106.01637 106.01637 curveto
105.6427 106.39003 105.13594 106.59999 104.60747 106.59999 curveto closepath fill
newpath 74.71962 61.76822 moveto
74.19115 61.76822 73.68439 61.55826 73.31071 61.1846 curveto
72.93706 60.81093 72.7271 60.30417 72.7271 59.7757 curveto
72.7271 59.24722 72.93706 58.74046 73.31071 58.36679 curveto
73.68439 57.99313 74.19115 57.78317 74.71962 57.78317 curveto
75.2481 57.78317 75.75485 57.99313 76.12852 58.36679 curveto
76.50218 58.74046 76.71214 59.24722 76.71214 59.7757 curveto
76.71214 60.30417 76.50218 60.81093 76.12852 61.1846 curveto
75.75485 61.55826 75.2481 61.76822 74.71962 61.76822 curveto closepath fill
showpage
%%EOF
