%!PS
%%BoundingBox: -1 -1 150 150 
%%HiResBoundingBox: -0.24907 -0.24907 149.68831 149.68831 
%%Creator: MetaPost 2.10
%%CreationDate: 2025.07.14:0902
%%Pages: 1
%%BeginProlog
%%EndProlog
%%Page: 1 1
 0 0 0 setrgbcolor 0 0.49814 dtransform truncate idtransform setlinewidth pop
 [] 0 setdash 1 setlinecap 1 setlinejoin 10 setmiterlimit
newpath 0 74.71962 moveto
149.43924 74.71962 lineto stroke
newpath 144.45793 77.21028 moveto
145.63387 75.64236 147.47935 74.71962 149.43924 74.71962 curveto
147.47935 74.71962 145.63387 73.79688 144.45793 72.22896 curveto stroke
 0.49814 0 dtransform exch truncate exch idtransform pop setlinewidth
newpath 74.71962 0 moveto
74.71962 149.43924 lineto stroke
 0 0.49814 dtransform truncate idtransform setlinewidth pop
newpath 72.22896 144.45793 moveto
73.79688 145.63387 74.71962 147.47935 74.71962 149.43924 curveto
74.71962 147.47935 75.64236 145.63387 77.21028 144.45793 curveto stroke
 0.49814 0 dtransform exch truncate exch idtransform pop setlinewidth
newpath 14.94392 72.7271 moveto
14.94392 76.71214 lineto stroke
newpath 29.88785 72.7271 moveto
29.88785 76.71214 lineto stroke
newpath 44.83177 72.7271 moveto
44.83177 76.71214 lineto stroke
newpath 59.7757 72.7271 moveto
59.7757 76.71214 lineto stroke
newpath 89.66354 72.7271 moveto
89.66354 76.71214 lineto stroke
newpath 104.60747 72.7271 moveto
104.60747 76.71214 lineto stroke
newpath 119.55139 72.7271 moveto
119.55139 76.71214 lineto stroke
newpath 134.49532 72.7271 moveto
134.49532 76.71214 lineto stroke
 0 0.49814 dtransform truncate idtransform setlinewidth pop
newpath 76.71214 14.94392 moveto
72.7271 14.94392 lineto stroke
newpath 76.71214 29.88785 moveto
72.7271 29.88785 lineto stroke
newpath 76.71214 44.83177 moveto
72.7271 44.83177 lineto stroke
newpath 76.71214 59.7757 moveto
72.7271 59.7757 lineto stroke
newpath 76.71214 89.66354 moveto
72.7271 89.66354 lineto stroke
newpath 76.71214 104.60747 moveto
72.7271 104.60747 lineto stroke
newpath 76.71214 119.55139 moveto
72.7271 119.55139 lineto stroke
newpath 76.71214 134.49532 moveto
72.7271 134.49532 lineto stroke
 0 1.24533 dtransform truncate idtransform setlinewidth pop
newpath 26.15187 12.6965 moveto
26.59995 17.6547 27.09795 22.60811 27.64589 27.55627 curveto
28.09442 31.60716 28.589 35.6528 29.14107 39.69069 curveto
29.58548 42.94006 30.0787 46.1826 30.63509 49.41464 curveto
31.07518 51.97127 31.56772 54.51878 32.12912 57.0517 curveto
32.56465 59.01637 33.05696 60.96828 33.62405 62.8992 curveto
34.05457 64.36494 34.54642 65.81268 35.11809 67.22942 curveto
35.54518 68.28792 36.03839 69.31882 36.6121 70.3055 curveto
37.04034 71.04224 37.53903 71.7359 38.10728 72.37096 curveto
38.54578 72.86098 39.05222 73.28465 39.6013 73.6463 curveto
40.06215 73.95003 40.5727 74.1662 41.09625 74.34018 curveto
41.57967 74.50095 42.08519 74.57664 42.59027 74.64027 curveto
43.08554 74.70274 43.5856 74.7032 44.0843 74.71689 curveto
44.58253 74.73056 45.08124 74.70981 45.57947 74.72235 curveto
46.07816 74.7349 46.57755 74.73877 47.0735 74.79144 curveto
47.5763 74.84503 48.07819 74.91321 48.56752 75.04045 curveto
49.08012 75.17384 49.5836 75.3419 50.06247 75.56856 curveto
50.58716 75.81688 51.0888 76.11195 51.55649 76.45581 curveto
52.09099 76.8487 52.58899 77.28833 53.05052 77.76491 curveto
53.5898 78.32175 54.08507 78.91895 54.54568 79.54237 curveto
55.08406 80.27138 55.5775 81.03253 56.03972 81.81215 curveto
56.57512 82.71559 57.06812 83.6432 57.53374 84.58449 curveto
58.06505 85.6585 58.55826 86.75073 59.02869 87.85278 curveto
59.55496 89.08572 60.04796 90.33235 60.5227 91.58603 curveto
61.04443 92.96376 61.53789 94.35199 62.01788 95.74478 curveto
62.53436 97.24359 63.02734 98.75015 63.5119 100.25946 curveto
64.02336 101.8529 64.51636 103.45251 65.00594 105.0528 curveto
65.5126 106.70895 66.00537 108.36945 66.50087 110.02902 curveto
67.00185 111.70706 67.4937 113.38785 67.9949 115.06589 curveto
68.48972 116.72227 68.98042 118.37979 69.48892 120.03185 curveto
69.9769 121.61685 70.46625 123.20163 70.9841 124.7773 curveto
71.46272 126.23347 71.94841 127.68759 72.47812 129.12598 curveto
72.94489 130.39381 73.42488 131.6573 73.97215 132.89275 curveto
74.42273 133.90997 74.89156 134.9208 75.46709 135.87328 curveto
75.8951 136.58176 76.34409 137.28659 76.96112 137.83978 curveto
77.38867 138.22308 77.88257 138.56923 78.45514 138.55235 curveto
79.04436 138.53503 79.55971 138.19481 79.95032 137.7513 curveto
80.61478 136.99654 81.06262 136.08649 81.44434 135.15727 curveto
82.06776 133.63885 82.53522 132.06319 82.93929 130.47247 curveto
83.53351 128.1327 84.01306 125.7658 84.4333 123.38861 curveto
85.00954 120.12898 85.49568 116.85406 85.92734 113.57208 curveto
86.49239 109.27608 86.98218 104.97026 87.4225 100.65965 curveto
87.97865 95.21484 88.4705 89.76364 88.91653 84.30858 curveto
89.46652 77.58386 89.95975 70.85457 90.41055 64.12233 curveto
90.956 55.97838 91.45036 47.83122 91.9055 39.6818 curveto
92.44684 29.9884 92.94484 20.29274 93.39952 10.595 curveto stroke
newpath 94.7523 13.65048 moveto
93.84564 12.90166 93.34445 11.76964 93.39952 10.595 curveto
93.34445 11.76964 92.73956 12.84981 91.7668 13.51053 curveto stroke
newpath 27.90918 15.53867 moveto
26.90877 14.92065 26.2577 13.86766 26.15187 12.6965 curveto
26.2577 13.86766 25.80595 15.0203 24.93253 15.80765 curveto stroke
newpath 44.83177 76.71214 moveto
44.3033 76.71214 43.79654 76.50218 43.42287 76.12852 curveto
43.04921 75.75485 42.83925 75.2481 42.83925 74.71962 curveto
42.83925 74.19115 43.04921 73.68439 43.42287 73.31071 curveto
43.79654 72.93706 44.3033 72.7271 44.83177 72.7271 curveto
45.36024 72.7271 45.867 72.93706 46.24068 73.31071 curveto
46.61433 73.68439 46.8243 74.19115 46.8243 74.71962 curveto
46.8243 75.2481 46.61433 75.75485 46.24068 76.12852 curveto
45.867 76.50218 45.36024 76.71214 44.83177 76.71214 curveto closepath fill
newpath 74.71962 136.48784 moveto
74.19115 136.48784 73.68439 136.27788 73.31071 135.90422 curveto
72.93706 135.53055 72.7271 135.02379 72.7271 134.49532 curveto
72.7271 133.96684 72.93706 133.46008 73.31071 133.08641 curveto
73.68439 132.71275 74.19115 132.50279 74.71962 132.50279 curveto
75.2481 132.50279 75.75485 132.71275 76.12852 133.08641 curveto
76.50218 133.46008 76.71214 133.96684 76.71214 134.49532 curveto
76.71214 135.02379 76.50218 135.53055 76.12852 135.90422 curveto
75.75485 136.27788 75.2481 136.48784 74.71962 136.48784 curveto closepath fill
newpath 89.66354 76.71214 moveto
89.13507 76.71214 88.62831 76.50218 88.25464 76.12852 curveto
87.88098 75.75485 87.67102 75.2481 87.67102 74.71962 curveto
87.67102 74.19115 87.88098 73.68439 88.25464 73.31071 curveto
88.62831 72.93706 89.13507 72.7271 89.66354 72.7271 curveto
90.19202 72.7271 90.69878 72.93706 91.07245 73.31071 curveto
91.4461 73.68439 91.65607 74.19115 91.65607 74.71962 curveto
91.65607 75.2481 91.4461 75.75485 91.07245 76.12852 curveto
90.69878 76.50218 90.19202 76.71214 89.66354 76.71214 curveto closepath fill
showpage
%%EOF
