%!PS
%%BoundingBox: -1 -1 150 150 
%%HiResBoundingBox: -0.24907 -0.24907 149.68831 149.68831 
%%Creator: MetaPost 2.10
%%CreationDate: 2025.07.14:0902
%%Pages: 1
%%BeginProlog
%%EndProlog
%%Page: 1 1
 0 0 0 setrgbcolor 0 0.49814 dtransform truncate idtransform setlinewidth pop
 [] 0 setdash 1 setlinecap 1 setlinejoin 10 setmiterlimit
newpath 0 74.71962 moveto
149.43924 74.71962 lineto stroke
newpath 144.45793 77.21028 moveto
145.63387 75.64236 147.47935 74.71962 149.43924 74.71962 curveto
147.47935 74.71962 145.63387 73.79688 144.45793 72.22896 curveto stroke
 0.49814 0 dtransform exch truncate exch idtransform pop setlinewidth
newpath 74.71962 0 moveto
74.71962 149.43924 lineto stroke
 0 0.49814 dtransform truncate idtransform setlinewidth pop
newpath 72.22896 144.45793 moveto
73.79688 145.63387 74.71962 147.47935 74.71962 149.43924 curveto
74.71962 147.47935 75.64236 145.63387 77.21028 144.45793 curveto stroke
 0.49814 0 dtransform exch truncate exch idtransform pop setlinewidth
newpath 14.94392 72.7271 moveto
14.94392 76.71214 lineto stroke
newpath 29.88785 72.7271 moveto
29.88785 76.71214 lineto stroke
newpath 44.83177 72.7271 moveto
44.83177 76.71214 lineto stroke
newpath 59.7757 72.7271 moveto
59.7757 76.71214 lineto stroke
newpath 89.66354 72.7271 moveto
89.66354 76.71214 lineto stroke
newpath 104.60747 72.7271 moveto
104.60747 76.71214 lineto stroke
newpath 119.55139 72.7271 moveto
119.55139 76.71214 lineto stroke
newpath 134.49532 72.7271 moveto
134.49532 76.71214 lineto stroke
 0 0.49814 dtransform truncate idtransform setlinewidth pop
newpath 76.71214 14.94392 moveto
72.7271 14.94392 lineto stroke
newpath 76.71214 29.88785 moveto
72.7271 29.88785 lineto stroke
newpath 76.71214 44.83177 moveto
72.7271 44.83177 lineto stroke
newpath 76.71214 59.7757 moveto
72.7271 59.7757 lineto stroke
newpath 76.71214 89.66354 moveto
72.7271 89.66354 lineto stroke
newpath 76.71214 104.60747 moveto
72.7271 104.60747 lineto stroke
newpath 76.71214 119.55139 moveto
72.7271 119.55139 lineto stroke
newpath 76.71214 134.49532 moveto
72.7271 134.49532 lineto stroke
 0 1.24533 dtransform truncate idtransform setlinewidth pop
newpath 35.86533 147.45518 moveto
36.28786 138.7724 36.7861 130.09349 37.3598 121.41939 curveto
37.78258 115.02895 38.26712 108.64262 38.85406 102.26518 curveto
39.2636 97.81685 39.74063 93.37444 40.34856 88.94868 curveto
40.7378 86.11568 41.19818 83.29112 41.84303 80.50487 curveto
42.19853 78.96935 42.61331 77.43837 43.3373 76.03693 curveto
43.667 75.39891 44.129 74.77571 44.83177 74.71962 curveto
45.48416 74.6674 45.919 75.27054 46.32603 75.79796 curveto
46.97453 76.63823 47.3884 77.62445 47.82051 78.59242 curveto
48.38829 79.86435 48.84663 81.1812 49.31499 82.49303 curveto
49.84311 83.97202 50.31625 85.46968 50.80925 86.96075 curveto
51.3125 88.48259 51.79068 90.01288 52.30373 91.53154 curveto
52.78716 92.96217 53.266 94.39485 53.79822 95.80817 curveto
54.26294 97.04224 54.7386 98.27267 55.29248 99.46936 curveto
55.7369 100.42934 56.20549 101.38022 56.78696 102.26404 curveto
57.21109 102.90868 57.67352 103.53575 58.28122 104.01231 curveto
58.71538 104.35277 59.2241 104.60747 59.7757 104.60747 curveto
60.32729 104.60747 60.83601 104.35277 61.27017 104.01231 curveto
61.87787 103.53575 62.3403 102.90868 62.76443 102.26404 curveto
63.3459 101.38022 63.8145 100.42934 64.25891 99.46936 curveto
64.81302 98.27267 65.28868 97.042 65.7534 95.80794 curveto
66.28561 94.39464 66.76447 92.96217 67.24765 91.53154 curveto
67.76071 90.01288 68.23889 88.48259 68.74214 86.96075 curveto
69.23514 85.46968 69.70828 83.97202 70.2364 82.49303 curveto
70.70476 81.1812 71.1631 79.86435 71.73088 78.59242 curveto
72.163 77.62445 72.57686 76.63823 73.22536 75.79796 curveto
73.63239 75.27054 74.06723 74.6674 74.71962 74.71962 curveto
75.4224 74.77571 75.88461 75.39891 76.2141 76.03693 curveto
76.93831 77.43906 77.35309 78.97072 77.70859 80.50716 curveto
78.35344 83.29272 78.81383 86.11636 79.20284 88.94868 curveto
79.81076 93.37444 80.2878 97.81685 80.69733 102.26518 curveto
81.28427 108.64262 81.76881 115.02895 82.19159 121.41939 curveto
82.76529 130.09349 83.26353 138.7724 83.68607 147.45518 curveto stroke
newpath 82.04817 144.54254 moveto
83.02211 145.20154 83.62892 146.28064 83.68607 147.45518 curveto
83.62892 146.28064 84.1281 145.14774 85.03346 144.39728 curveto stroke
newpath 34.51793 144.39728 moveto
35.4233 145.14774 35.92247 146.28064 35.86533 147.45518 curveto
35.92247 146.28064 36.52928 145.20154 37.50322 144.54254 curveto stroke
newpath 74.71962 76.71214 moveto
74.19115 76.71214 73.68439 76.50218 73.31071 76.12852 curveto
72.93706 75.75485 72.7271 75.2481 72.7271 74.71962 curveto
72.7271 74.19115 72.93706 73.68439 73.31071 73.31071 curveto
73.68439 72.93706 74.19115 72.7271 74.71962 72.7271 curveto
75.2481 72.7271 75.75485 72.93706 76.12852 73.31071 curveto
76.50218 73.68439 76.71214 74.19115 76.71214 74.71962 curveto
76.71214 75.2481 76.50218 75.75485 76.12852 76.12852 curveto
75.75485 76.50218 75.2481 76.71214 74.71962 76.71214 curveto closepath fill
newpath 59.7757 106.59999 moveto
59.24722 106.59999 58.74046 106.39003 58.36679 106.01637 curveto
57.99313 105.6427 57.78317 105.13594 57.78317 104.60747 curveto
57.78317 104.079 57.99313 103.57224 58.36679 103.19856 curveto
58.74046 102.8249 59.24722 102.61494 59.7757 102.61494 curveto
60.30417 102.61494 60.81093 102.8249 61.1846 103.19856 curveto
61.55826 103.57224 61.76822 104.079 61.76822 104.60747 curveto
61.76822 105.13594 61.55826 105.6427 61.1846 106.01637 curveto
60.81093 106.39003 60.30417 106.59999 59.7757 106.59999 curveto closepath fill
newpath 44.83177 76.71214 moveto
44.3033 76.71214 43.79654 76.50218 43.42287 76.12852 curveto
43.04921 75.75485 42.83925 75.2481 42.83925 74.71962 curveto
42.83925 74.19115 43.04921 73.68439 43.42287 73.31071 curveto
43.79654 72.93706 44.3033 72.7271 44.83177 72.7271 curveto
45.36024 72.7271 45.867 72.93706 46.24068 73.31071 curveto
46.61433 73.68439 46.8243 74.19115 46.8243 74.71962 curveto
46.8243 75.2481 46.61433 75.75485 46.24068 76.12852 curveto
45.867 76.50218 45.36024 76.71214 44.83177 76.71214 curveto closepath fill
showpage
%%EOF
