%!PS
%%BoundingBox: -1 -1 150 150 
%%HiResBoundingBox: -0.24907 -0.24907 149.68831 149.68831 
%%Creator: MetaPost 2.10
%%CreationDate: 2025.07.14:0902
%%Pages: 1
%%BeginProlog
%%EndProlog
%%Page: 1 1
 0 0 0 setrgbcolor 0 0.49814 dtransform truncate idtransform setlinewidth pop
 [] 0 setdash 1 setlinecap 1 setlinejoin 10 setmiterlimit
newpath 0 74.71962 moveto
149.43924 74.71962 lineto stroke
newpath 144.45793 77.21028 moveto
145.63387 75.64236 147.47935 74.71962 149.43924 74.71962 curveto
147.47935 74.71962 145.63387 73.79688 144.45793 72.22896 curveto stroke
 0.49814 0 dtransform exch truncate exch idtransform pop setlinewidth
newpath 74.71962 0 moveto
74.71962 149.43924 lineto stroke
 0 0.49814 dtransform truncate idtransform setlinewidth pop
newpath 72.22896 144.45793 moveto
73.79688 145.63387 74.71962 147.47935 74.71962 149.43924 curveto
74.71962 147.47935 75.64236 145.63387 77.21028 144.45793 curveto stroke
 0.49814 0 dtransform exch truncate exch idtransform pop setlinewidth
newpath 14.94392 72.7271 moveto
14.94392 76.71214 lineto stroke
newpath 29.88785 72.7271 moveto
29.88785 76.71214 lineto stroke
newpath 44.83177 72.7271 moveto
44.83177 76.71214 lineto stroke
newpath 59.7757 72.7271 moveto
59.7757 76.71214 lineto stroke
newpath 89.66354 72.7271 moveto
89.66354 76.71214 lineto stroke
newpath 104.60747 72.7271 moveto
104.60747 76.71214 lineto stroke
newpath 119.55139 72.7271 moveto
119.55139 76.71214 lineto stroke
newpath 134.49532 72.7271 moveto
134.49532 76.71214 lineto stroke
 0 0.49814 dtransform truncate idtransform setlinewidth pop
newpath 76.71214 14.94392 moveto
72.7271 14.94392 lineto stroke
newpath 76.71214 29.88785 moveto
72.7271 29.88785 lineto stroke
newpath 76.71214 44.83177 moveto
72.7271 44.83177 lineto stroke
newpath 76.71214 59.7757 moveto
72.7271 59.7757 lineto stroke
newpath 76.71214 89.66354 moveto
72.7271 89.66354 lineto stroke
newpath 76.71214 104.60747 moveto
72.7271 104.60747 lineto stroke
newpath 76.71214 119.55139 moveto
72.7271 119.55139 lineto stroke
newpath 76.71214 134.49532 moveto
72.7271 134.49532 lineto stroke
 0 1.24533 dtransform truncate idtransform setlinewidth pop
newpath 32.87659 139.43687 moveto
33.35362 135.7506 33.85162 132.06683 34.37062 128.38603 curveto
34.84787 125.00145 35.34474 121.61958 35.86464 118.24138 curveto
36.34122 115.14525 36.83855 112.05229 37.36026 108.96346 curveto
37.83502 106.15211 38.33167 103.34488 38.8543 100.54199 curveto
39.32791 98.00246 39.82431 95.46727 40.34833 92.93755 curveto
40.82033 90.65933 41.31651 88.38614 41.84235 86.11978 curveto
42.31299 84.0908 42.8094 82.06776 43.33774 80.05315 curveto
43.8061 78.26703 44.3016 76.48842 44.83177 74.71962 curveto
45.29808 73.16403 45.79314 71.61732 46.3258 70.08316 curveto
46.78961 68.74739 47.2842 67.42233 47.81982 66.11368 curveto
48.28136 64.98587 48.77617 63.8715 49.31544 62.77858 curveto
49.77402 61.84937 50.26768 60.93748 50.80948 60.05434 curveto
51.26576 59.31052 51.7592 58.58997 52.30351 57.90793 curveto
52.75911 57.33673 53.25346 56.797 53.79753 56.30923 curveto
54.257 55.89743 54.75456 55.52893 55.29292 55.22748 curveto
55.76244 54.96457 56.26387 54.76208 56.78696 54.63484 curveto
57.27539 54.51604 57.7791 54.47386 58.28099 54.50053 curveto
58.79016 54.52768 59.29091 54.63438 59.77501 54.79424 curveto
60.29832 54.96709 60.79543 55.20833 61.27063 55.48721 curveto
61.7983 55.79665 62.29242 56.1592 62.76466 56.54799 curveto
63.29185 56.98215 63.78531 57.45508 64.2587 57.94739 curveto
64.78316 58.49281 65.27682 59.06721 65.75272 59.65553 curveto
66.27444 60.30061 66.7688 60.96713 67.24811 61.64436 curveto
67.76596 62.37633 68.26054 63.12427 68.74214 63.8804 curveto
69.25702 64.68852 69.75185 65.50896 70.23618 66.33556 curveto
70.7481 67.20935 71.24336 68.0925 71.7302 68.9802 curveto
72.24007 69.90964 72.73602 70.84659 73.22581 71.78674 curveto
73.73273 72.75996 74.22845 73.73888 74.71985 74.72008 curveto
75.22447 75.72772 75.72043 76.7397 76.21388 77.75282 curveto
76.71645 78.78487 77.2124 79.82011 77.7079 80.85558 curveto
78.20888 81.9029 78.70552 82.95227 79.2033 84.00098 curveto
79.702 85.05148 80.19795 86.10315 80.69733 87.1532 curveto
81.19397 88.19801 81.69016 89.24306 82.19136 90.28583 curveto
82.68617 91.31491 83.18213 92.34354 83.68538 93.36852 curveto
84.1786 94.3732 84.67502 95.37651 85.181 96.37482 curveto
85.67172 97.343 86.16745 98.3087 86.67503 99.268 curveto
87.16347 100.19106 87.65897 101.11046 88.16907 102.02188 curveto
88.65498 102.89043 89.15025 103.75374 89.66309 104.60678 curveto
90.14696 105.41171 90.64223 106.20981 91.15848 106.99445 curveto
91.63916 107.72504 92.13353 108.44675 92.65251 109.15067 curveto
93.13022 109.79893 93.62413 110.43513 94.14655 111.04807 curveto
94.62152 111.60536 95.11496 112.14693 95.64056 112.6568 curveto
96.11372 113.11581 96.60785 113.55339 97.13618 113.94788 curveto
97.60866 114.30063 98.10347 114.62398 98.63022 114.88918 curveto
99.10703 115.12906 99.60503 115.32698 100.12425 115.4517 curveto
100.61336 115.56914 101.11548 115.62798 101.61827 115.60631 curveto
102.12791 115.5842 102.63185 115.4891 103.11366 115.32196 curveto
103.64268 115.13863 104.14252 114.88164 104.6077 114.56993 curveto
105.14857 114.2076 105.64453 113.78323 106.10173 113.31989 curveto
106.64626 112.76807 107.14015 112.16927 107.59575 111.5422 curveto
108.14005 110.79314 108.63396 110.00896 109.09137 109.20403 curveto
109.63225 108.25201 110.12593 107.27446 110.5854 106.2805 curveto
111.1231 105.11734 111.61722 103.93478 112.07944 102.73947 curveto
112.61392 101.35672 113.10896 99.95915 113.57346 98.55132 curveto
114.10567 96.93849 114.6014 95.3138 115.06885 93.68114 curveto
115.5981 91.83208 116.09383 89.97343 116.56288 88.10817 curveto
117.08984 86.01193 117.58603 83.90793 118.05692 81.79846 curveto
118.58205 79.44547 119.07846 77.08607 119.55093 74.7219 curveto
120.07516 72.0996 120.57204 69.47183 121.04655 66.83995 curveto
121.56874 63.94379 122.06538 61.04352 122.54059 58.13937 curveto
123.0614 54.95728 123.55827 51.77129 124.0346 48.58235 curveto
124.55429 45.10449 125.05116 41.62321 125.52864 38.1392 curveto
126.04762 34.35191 126.54518 30.56166 127.02403 26.76913 curveto
127.54166 22.66945 128.03876 18.56726 128.51807 14.46301 curveto
129.03477 10.03793 129.53278 5.61035 130.0121 1.18095 curveto stroke
newpath 131.17627 4.31319 moveto
130.3169 3.51051 129.88557 2.35007 130.0121 1.18095 curveto
129.88557 2.35007 129.216 3.39137 128.2048 3.99162 curveto stroke
newpath 31.77814 136.28102 moveto
32.62054 137.10147 33.02751 138.27066 32.87659 139.43687 curveto
33.02751 138.27066 33.71869 137.24359 34.74222 136.6646 curveto stroke
newpath 119.55139 76.71214 moveto
119.02292 76.71214 118.51616 76.50218 118.14249 76.12852 curveto
117.76883 75.75485 117.55887 75.2481 117.55887 74.71962 curveto
117.55887 74.19115 117.76883 73.68439 118.14249 73.31071 curveto
118.51616 72.93706 119.02292 72.7271 119.55139 72.7271 curveto
120.07986 72.7271 120.58662 72.93706 120.9603 73.31071 curveto
121.33395 73.68439 121.54391 74.19115 121.54391 74.71962 curveto
121.54391 75.2481 121.33395 75.75485 120.9603 76.12852 curveto
120.58662 76.50218 120.07986 76.71214 119.55139 76.71214 curveto closepath fill
newpath 44.83177 76.71214 moveto
44.3033 76.71214 43.79654 76.50218 43.42287 76.12852 curveto
43.04921 75.75485 42.83925 75.2481 42.83925 74.71962 curveto
42.83925 74.19115 43.04921 73.68439 43.42287 73.31071 curveto
43.79654 72.93706 44.3033 72.7271 44.83177 72.7271 curveto
45.36024 72.7271 45.867 72.93706 46.24068 73.31071 curveto
46.61433 73.68439 46.8243 74.19115 46.8243 74.71962 curveto
46.8243 75.2481 46.61433 75.75485 46.24068 76.12852 curveto
45.867 76.50218 45.36024 76.71214 44.83177 76.71214 curveto closepath fill
newpath 74.71962 76.71214 moveto
74.19115 76.71214 73.68439 76.50218 73.31071 76.12852 curveto
72.93706 75.75485 72.7271 75.2481 72.7271 74.71962 curveto
72.7271 74.19115 72.93706 73.68439 73.31071 73.31071 curveto
73.68439 72.93706 74.19115 72.7271 74.71962 72.7271 curveto
75.2481 72.7271 75.75485 72.93706 76.12852 73.31071 curveto
76.50218 73.68439 76.71214 74.19115 76.71214 74.71962 curveto
76.71214 75.2481 76.50218 75.75485 76.12852 76.12852 curveto
75.75485 76.50218 75.2481 76.71214 74.71962 76.71214 curveto closepath fill
newpath 89.66354 106.59999 moveto
89.13507 106.59999 88.62831 106.39003 88.25464 106.01637 curveto
87.88098 105.6427 87.67102 105.13594 87.67102 104.60747 curveto
87.67102 104.079 87.88098 103.57224 88.25464 103.19856 curveto
88.62831 102.8249 89.13507 102.61494 89.66354 102.61494 curveto
90.19202 102.61494 90.69878 102.8249 91.07245 103.19856 curveto
91.4461 103.57224 91.65607 104.079 91.65607 104.60747 curveto
91.65607 105.13594 91.4461 105.6427 91.07245 106.01637 curveto
90.69878 106.39003 90.19202 106.59999 89.66354 106.59999 curveto closepath fill
showpage
%%EOF
