%!PS
%%BoundingBox: 28 28 170 100 
%%HiResBoundingBox: 28.14438 28.14438 169.61354 99.87523 
%%Creator: MetaPost 2.10
%%CreationDate: 2025.06.09:1033
%%Pages: 1
%%BeginProlog
%%EndProlog
%%Page: 1 1
 0 0 0 setrgbcolor 0.49814
 0 dtransform exch truncate exch idtransform pop setlinewidth [] 0 setdash
 1 setlinecap 1 setlinejoin 10 setmiterlimit
newpath 39.85046 59.7757 moveto
39.85046 57.28506 lineto stroke
newpath 39.85046 52.30374 moveto
39.85046 47.32248 lineto stroke
newpath 39.85046 42.3411 moveto
39.85046 39.85046 lineto stroke
newpath 119.55139 39.85046 moveto
119.55139 42.3411 lineto stroke
newpath 119.55139 47.32242 moveto
119.55139 52.30368 lineto stroke
newpath 119.55139 57.28506 moveto
119.55139 59.7757 lineto stroke
 0 0.49814 dtransform truncate idtransform setlinewidth pop
newpath 39.85046 59.7757 moveto
79.70093 99.62616 lineto stroke
newpath 119.55139 59.7757 moveto
159.40186 99.62616 lineto stroke
newpath 40.09953 39.85046 moveto
40.09953 39.91652 40.07329 39.97987 40.02658 40.02658 curveto
39.97987 40.07329 39.91652 40.09953 39.85046 40.09953 curveto
39.78441 40.09953 39.72105 40.07329 39.67435 40.02658 curveto
39.62764 39.97987 39.6014 39.91652 39.6014 39.85046 curveto
39.6014 39.78441 39.62764 39.72105 39.67435 39.67435 curveto
39.72105 39.62764 39.78441 39.6014 39.85046 39.6014 curveto
39.91652 39.6014 39.97987 39.62764 40.02658 39.67435 curveto
40.07329 39.72105 40.09953 39.78441 40.09953 39.85046 curveto closepath fill
newpath 43.0511 39.85046 moveto
43.0511 39.91652 43.02486 39.97987 42.97815 40.02658 curveto
42.93144 40.07329 42.86809 40.09953 42.80203 40.09953 curveto
42.73598 40.09953 42.67262 40.07329 42.62592 40.02658 curveto
42.57921 39.97987 42.55296 39.91652 42.55296 39.85046 curveto
42.55296 39.78441 42.57921 39.72105 42.62592 39.67435 curveto
42.67262 39.62764 42.73598 39.6014 42.80203 39.6014 curveto
42.86809 39.6014 42.93144 39.62764 42.97815 39.67435 curveto
43.02486 39.72105 43.0511 39.78441 43.0511 39.85046 curveto closepath fill
newpath 46.00386 39.85046 moveto
46.00386 39.91652 45.97762 39.97987 45.93091 40.02658 curveto
45.8842 40.07329 45.82085 40.09953 45.75479 40.09953 curveto
45.68874 40.09953 45.62538 40.07329 45.57867 40.02658 curveto
45.53197 39.97987 45.50572 39.91652 45.50572 39.85046 curveto
45.50572 39.78441 45.53197 39.72105 45.57867 39.67435 curveto
45.62538 39.62764 45.68874 39.6014 45.75479 39.6014 curveto
45.82085 39.6014 45.8842 39.62764 45.93091 39.67435 curveto
45.97762 39.72105 46.00386 39.78441 46.00386 39.85046 curveto closepath fill
newpath 48.95543 39.85046 moveto
48.95543 39.91652 48.92918 39.97987 48.88248 40.02658 curveto
48.83577 40.07329 48.77242 40.09953 48.70636 40.09953 curveto
48.6403 40.09953 48.57695 40.07329 48.53024 40.02658 curveto
48.48354 39.97987 48.45729 39.91652 48.45729 39.85046 curveto
48.45729 39.78441 48.48354 39.72105 48.53024 39.67435 curveto
48.57695 39.62764 48.6403 39.6014 48.70636 39.6014 curveto
48.77242 39.6014 48.83577 39.62764 48.88248 39.67435 curveto
48.92918 39.72105 48.95543 39.78441 48.95543 39.85046 curveto closepath fill
newpath 51.90701 39.85046 moveto
51.90701 39.91652 51.88077 39.97987 51.83406 40.02658 curveto
51.78735 40.07329 51.724 40.09953 51.65794 40.09953 curveto
51.59189 40.09953 51.52853 40.07329 51.48183 40.02658 curveto
51.43512 39.97987 51.40887 39.91652 51.40887 39.85046 curveto
51.40887 39.78441 51.43512 39.72105 51.48183 39.67435 curveto
51.52853 39.62764 51.59189 39.6014 51.65794 39.6014 curveto
51.724 39.6014 51.78735 39.62764 51.83406 39.67435 curveto
51.88077 39.72105 51.90701 39.78441 51.90701 39.85046 curveto closepath fill
newpath 54.85858 39.85046 moveto
54.85858 39.91652 54.83234 39.97987 54.78563 40.02658 curveto
54.73892 40.07329 54.67557 40.09953 54.60951 40.09953 curveto
54.54346 40.09953 54.4801 40.07329 54.4334 40.02658 curveto
54.38669 39.97987 54.36044 39.91652 54.36044 39.85046 curveto
54.36044 39.78441 54.38669 39.72105 54.4334 39.67435 curveto
54.4801 39.62764 54.54346 39.6014 54.60951 39.6014 curveto
54.67557 39.6014 54.73892 39.62764 54.78563 39.67435 curveto
54.83234 39.72105 54.85858 39.78441 54.85858 39.85046 curveto closepath fill
newpath 57.81136 39.85046 moveto
57.81136 39.91652 57.78511 39.97987 57.7384 40.02658 curveto
57.6917 40.07329 57.62834 40.09953 57.56229 40.09953 curveto
57.49623 40.09953 57.43288 40.07329 57.38617 40.02658 curveto
57.33946 39.97987 57.31322 39.91652 57.31322 39.85046 curveto
57.31322 39.78441 57.33946 39.72105 57.38617 39.67435 curveto
57.43288 39.62764 57.49623 39.6014 57.56229 39.6014 curveto
57.62834 39.6014 57.6917 39.62764 57.7384 39.67435 curveto
57.78511 39.72105 57.81136 39.78441 57.81136 39.85046 curveto closepath fill
newpath 60.76294 39.85046 moveto
60.76294 39.91652 60.7367 39.97987 60.68999 40.02658 curveto
60.64328 40.07329 60.57993 40.09953 60.51387 40.09953 curveto
60.44781 40.09953 60.38446 40.07329 60.33775 40.02658 curveto
60.29105 39.97987 60.2648 39.91652 60.2648 39.85046 curveto
60.2648 39.78441 60.29105 39.72105 60.33775 39.67435 curveto
60.38446 39.62764 60.44781 39.6014 60.51387 39.6014 curveto
60.57993 39.6014 60.64328 39.62764 60.68999 39.67435 curveto
60.7367 39.72105 60.76294 39.78441 60.76294 39.85046 curveto closepath fill
newpath 63.71451 39.85046 moveto
63.71451 39.91652 63.68826 39.97987 63.64156 40.02658 curveto
63.59485 40.07329 63.5315 40.09953 63.46544 40.09953 curveto
63.39938 40.09953 63.33603 40.07329 63.28932 40.02658 curveto
63.24261 39.97987 63.21637 39.91652 63.21637 39.85046 curveto
63.21637 39.78441 63.24261 39.72105 63.28932 39.67435 curveto
63.33603 39.62764 63.39938 39.6014 63.46544 39.6014 curveto
63.5315 39.6014 63.59485 39.62764 63.64156 39.67435 curveto
63.68826 39.72105 63.71451 39.78441 63.71451 39.85046 curveto closepath fill
newpath 66.66608 39.85046 moveto
66.66608 39.91652 66.63983 39.97987 66.59312 40.02658 curveto
66.54642 40.07329 66.48306 40.09953 66.417 40.09953 curveto
66.35095 40.09953 66.2876 40.07329 66.24089 40.02658 curveto
66.19418 39.97987 66.16794 39.91652 66.16794 39.85046 curveto
66.16794 39.78441 66.19418 39.72105 66.24089 39.67435 curveto
66.2876 39.62764 66.35095 39.6014 66.417 39.6014 curveto
66.48306 39.6014 66.54642 39.62764 66.59312 39.67435 curveto
66.63983 39.72105 66.66608 39.78441 66.66608 39.85046 curveto closepath fill
newpath 69.61887 39.85046 moveto
69.61887 39.91652 69.59262 39.97987 69.54591 40.02658 curveto
69.4992 40.07329 69.43585 40.09953 69.3698 40.09953 curveto
69.30374 40.09953 69.24039 40.07329 69.19368 40.02658 curveto
69.14697 39.97987 69.12073 39.91652 69.12073 39.85046 curveto
69.12073 39.78441 69.14697 39.72105 69.19368 39.67435 curveto
69.24039 39.62764 69.30374 39.6014 69.3698 39.6014 curveto
69.43585 39.6014 69.4992 39.62764 69.54591 39.67435 curveto
69.59262 39.72105 69.61887 39.78441 69.61887 39.85046 curveto closepath fill
newpath 72.57045 39.85046 moveto
72.57045 39.91652 72.5442 39.97987 72.4975 40.02658 curveto
72.45079 40.07329 72.38744 40.09953 72.32138 40.09953 curveto
72.25533 40.09953 72.19197 40.07329 72.14526 40.02658 curveto
72.09856 39.97987 72.07231 39.91652 72.07231 39.85046 curveto
72.07231 39.78441 72.09856 39.72105 72.14526 39.67435 curveto
72.19197 39.62764 72.25533 39.6014 72.32138 39.6014 curveto
72.38744 39.6014 72.45079 39.62764 72.4975 39.67435 curveto
72.5442 39.72105 72.57045 39.78441 72.57045 39.85046 curveto closepath fill
newpath 75.52202 39.85046 moveto
75.52202 39.91652 75.49577 39.97987 75.44907 40.02658 curveto
75.40236 40.07329 75.339 40.09953 75.27295 40.09953 curveto
75.2069 40.09953 75.14354 40.07329 75.09683 40.02658 curveto
75.05013 39.97987 75.02388 39.91652 75.02388 39.85046 curveto
75.02388 39.78441 75.05013 39.72105 75.09683 39.67435 curveto
75.14354 39.62764 75.2069 39.6014 75.27295 39.6014 curveto
75.339 39.6014 75.40236 39.62764 75.44907 39.67435 curveto
75.49577 39.72105 75.52202 39.78441 75.52202 39.85046 curveto closepath fill
newpath 78.4736 39.85046 moveto
78.4736 39.91652 78.44736 39.97987 78.40065 40.02658 curveto
78.35394 40.07329 78.29059 40.09953 78.22453 40.09953 curveto
78.15848 40.09953 78.09512 40.07329 78.04842 40.02658 curveto
78.00171 39.97987 77.97546 39.91652 77.97546 39.85046 curveto
77.97546 39.78441 78.00171 39.72105 78.04842 39.67435 curveto
78.09512 39.62764 78.15848 39.6014 78.22453 39.6014 curveto
78.29059 39.6014 78.35394 39.62764 78.40065 39.67435 curveto
78.44736 39.72105 78.4736 39.78441 78.4736 39.85046 curveto closepath fill
newpath 81.42639 39.85046 moveto
81.42639 39.91652 81.40015 39.97987 81.35344 40.02658 curveto
81.30673 40.07329 81.24338 40.09953 81.17732 40.09953 curveto
81.11127 40.09953 81.04791 40.07329 81.0012 40.02658 curveto
80.9545 39.97987 80.92825 39.91652 80.92825 39.85046 curveto
80.92825 39.78441 80.9545 39.72105 81.0012 39.67435 curveto
81.04791 39.62764 81.11127 39.6014 81.17732 39.6014 curveto
81.24338 39.6014 81.30673 39.62764 81.35344 39.67435 curveto
81.40015 39.72105 81.42639 39.78441 81.42639 39.85046 curveto closepath fill
newpath 84.37798 39.85046 moveto
84.37798 39.91652 84.35173 39.97987 84.30502 40.02658 curveto
84.25832 40.07329 84.19496 40.09953 84.1289 40.09953 curveto
84.06285 40.09953 83.9995 40.07329 83.95279 40.02658 curveto
83.90608 39.97987 83.87984 39.91652 83.87984 39.85046 curveto
83.87984 39.78441 83.90608 39.72105 83.95279 39.67435 curveto
83.9995 39.62764 84.06285 39.6014 84.1289 39.6014 curveto
84.19496 39.6014 84.25832 39.62764 84.30502 39.67435 curveto
84.35173 39.72105 84.37798 39.78441 84.37798 39.85046 curveto closepath fill
newpath 87.32954 39.85046 moveto
87.32954 39.91652 87.3033 39.97987 87.25659 40.02658 curveto
87.20988 40.07329 87.14653 40.09953 87.08047 40.09953 curveto
87.01442 40.09953 86.95107 40.07329 86.90436 40.02658 curveto
86.85765 39.97987 86.8314 39.91652 86.8314 39.85046 curveto
86.8314 39.78441 86.85765 39.72105 86.90436 39.67435 curveto
86.95107 39.62764 87.01442 39.6014 87.08047 39.6014 curveto
87.14653 39.6014 87.20988 39.62764 87.25659 39.67435 curveto
87.3033 39.72105 87.32954 39.78441 87.32954 39.85046 curveto closepath fill
newpath 90.28113 39.85046 moveto
90.28113 39.91652 90.25488 39.97987 90.20818 40.02658 curveto
90.16147 40.07329 90.09811 40.09953 90.03206 40.09953 curveto
89.966 40.09953 89.90265 40.07329 89.85594 40.02658 curveto
89.80923 39.97987 89.78299 39.91652 89.78299 39.85046 curveto
89.78299 39.78441 89.80923 39.72105 89.85594 39.67435 curveto
89.90265 39.62764 89.966 39.6014 90.03206 39.6014 curveto
90.09811 39.6014 90.16147 39.62764 90.20818 39.67435 curveto
90.25488 39.72105 90.28113 39.78441 90.28113 39.85046 curveto closepath fill
newpath 93.23392 39.85046 moveto
93.23392 39.91652 93.20767 39.97987 93.16096 40.02658 curveto
93.11426 40.07329 93.0509 40.09953 92.98485 40.09953 curveto
92.9188 40.09953 92.85544 40.07329 92.80873 40.02658 curveto
92.76202 39.97987 92.73578 39.91652 92.73578 39.85046 curveto
92.73578 39.78441 92.76202 39.72105 92.80873 39.67435 curveto
92.85544 39.62764 92.9188 39.6014 92.98485 39.6014 curveto
93.0509 39.6014 93.11426 39.62764 93.16096 39.67435 curveto
93.20767 39.72105 93.23392 39.78441 93.23392 39.85046 curveto closepath fill
newpath 96.18549 39.85046 moveto
96.18549 39.91652 96.15924 39.97987 96.11253 40.02658 curveto
96.06583 40.07329 96.00247 40.09953 95.93642 40.09953 curveto
95.87036 40.09953 95.807 40.07329 95.7603 40.02658 curveto
95.7136 39.97987 95.68735 39.91652 95.68735 39.85046 curveto
95.68735 39.78441 95.7136 39.72105 95.7603 39.67435 curveto
95.807 39.62764 95.87036 39.6014 95.93642 39.6014 curveto
96.00247 39.6014 96.06583 39.62764 96.11253 39.67435 curveto
96.15924 39.72105 96.18549 39.78441 96.18549 39.85046 curveto closepath fill
newpath 99.13705 39.85046 moveto
99.13705 39.91652 99.11081 39.97987 99.0641 40.02658 curveto
99.0174 40.07329 98.95404 40.09953 98.88799 40.09953 curveto
98.82193 40.09953 98.75858 40.07329 98.71187 40.02658 curveto
98.66516 39.97987 98.63892 39.91652 98.63892 39.85046 curveto
98.63892 39.78441 98.66516 39.72105 98.71187 39.67435 curveto
98.75858 39.62764 98.82193 39.6014 98.88799 39.6014 curveto
98.95404 39.6014 99.0174 39.62764 99.0641 39.67435 curveto
99.11081 39.72105 99.13705 39.78441 99.13705 39.85046 curveto closepath fill
newpath 102.08864 39.85046 moveto
102.08864 39.91652 102.0624 39.97987 102.01569 40.02658 curveto
101.96898 40.07329 101.90562 40.09953 101.83957 40.09953 curveto
101.77351 40.09953 101.71016 40.07329 101.66345 40.02658 curveto
101.61674 39.97987 101.5905 39.91652 101.5905 39.85046 curveto
101.5905 39.78441 101.61674 39.72105 101.66345 39.67435 curveto
101.71016 39.62764 101.77351 39.6014 101.83957 39.6014 curveto
101.90562 39.6014 101.96898 39.62764 102.01569 39.67435 curveto
102.0624 39.72105 102.08864 39.78441 102.08864 39.85046 curveto closepath fill
newpath 105.04141 39.85046 moveto
105.04141 39.91652 105.01517 39.97987 104.96846 40.02658 curveto
104.92175 40.07329 104.8584 40.09953 104.79234 40.09953 curveto
104.72629 40.09953 104.66293 40.07329 104.61623 40.02658 curveto
104.56952 39.97987 104.54327 39.91652 104.54327 39.85046 curveto
104.54327 39.78441 104.56952 39.72105 104.61623 39.67435 curveto
104.66293 39.62764 104.72629 39.6014 104.79234 39.6014 curveto
104.8584 39.6014 104.92175 39.62764 104.96846 39.67435 curveto
105.01517 39.72105 105.04141 39.78441 105.04141 39.85046 curveto closepath fill
newpath 107.99298 39.85046 moveto
107.99298 39.91652 107.96674 39.97987 107.92003 40.02658 curveto
107.87332 40.07329 107.80997 40.09953 107.74391 40.09953 curveto
107.67786 40.09953 107.6145 40.07329 107.5678 40.02658 curveto
107.52109 39.97987 107.49484 39.91652 107.49484 39.85046 curveto
107.49484 39.78441 107.52109 39.72105 107.5678 39.67435 curveto
107.6145 39.62764 107.67786 39.6014 107.74391 39.6014 curveto
107.80997 39.6014 107.87332 39.62764 107.92003 39.67435 curveto
107.96674 39.72105 107.99298 39.78441 107.99298 39.85046 curveto closepath fill
newpath 110.94456 39.85046 moveto
110.94456 39.91652 110.91832 39.97987 110.87161 40.02658 curveto
110.8249 40.07329 110.76155 40.09953 110.6955 40.09953 curveto
110.62944 40.09953 110.56609 40.07329 110.51938 40.02658 curveto
110.47267 39.97987 110.44643 39.91652 110.44643 39.85046 curveto
110.44643 39.78441 110.47267 39.72105 110.51938 39.67435 curveto
110.56609 39.62764 110.62944 39.6014 110.6955 39.6014 curveto
110.76155 39.6014 110.8249 39.62764 110.87161 39.67435 curveto
110.91832 39.72105 110.94456 39.78441 110.94456 39.85046 curveto closepath fill
newpath 113.89613 39.85046 moveto
113.89613 39.91652 113.86989 39.97987 113.82318 40.02658 curveto
113.77647 40.07329 113.71312 40.09953 113.64706 40.09953 curveto
113.58101 40.09953 113.51765 40.07329 113.47095 40.02658 curveto
113.42424 39.97987 113.398 39.91652 113.398 39.85046 curveto
113.398 39.78441 113.42424 39.72105 113.47095 39.67435 curveto
113.51765 39.62764 113.58101 39.6014 113.64706 39.6014 curveto
113.71312 39.6014 113.77647 39.62764 113.82318 39.67435 curveto
113.86989 39.72105 113.89613 39.78441 113.89613 39.85046 curveto closepath fill
newpath 116.84889 39.85046 moveto
116.84889 39.91652 116.82265 39.97987 116.77594 40.02658 curveto
116.72923 40.07329 116.66588 40.09953 116.59982 40.09953 curveto
116.53377 40.09953 116.47041 40.07329 116.4237 40.02658 curveto
116.377 39.97987 116.35075 39.91652 116.35075 39.85046 curveto
116.35075 39.78441 116.377 39.72105 116.4237 39.67435 curveto
116.47041 39.62764 116.53377 39.6014 116.59982 39.6014 curveto
116.66588 39.6014 116.72923 39.62764 116.77594 39.67435 curveto
116.82265 39.72105 116.84889 39.78441 116.84889 39.85046 curveto closepath fill
newpath 119.80046 39.85046 moveto
119.80046 39.91652 119.77422 39.97987 119.72751 40.02658 curveto
119.6808 40.07329 119.61745 40.09953 119.55139 40.09953 curveto
119.48534 40.09953 119.42198 40.07329 119.37527 40.02658 curveto
119.32857 39.97987 119.30232 39.91652 119.30232 39.85046 curveto
119.30232 39.78441 119.32857 39.72105 119.37527 39.67435 curveto
119.42198 39.62764 119.48534 39.6014 119.55139 39.6014 curveto
119.61745 39.6014 119.6808 39.62764 119.72751 39.67435 curveto
119.77422 39.72105 119.80046 39.78441 119.80046 39.85046 curveto closepath fill
newpath 39.85046 59.7757 moveto
119.55139 59.7757 lineto stroke
newpath 79.70093 99.62616 moveto
159.40186 99.62616 lineto stroke
newpath 119.80046 39.85046 moveto
119.80046 39.91652 119.77422 39.97987 119.72751 40.02658 curveto
119.6808 40.07329 119.61745 40.09953 119.55139 40.09953 curveto
119.48534 40.09953 119.42198 40.07329 119.37527 40.02658 curveto
119.32857 39.97987 119.30232 39.91652 119.30232 39.85046 curveto
119.30232 39.78441 119.32857 39.72105 119.37527 39.67435 curveto
119.42198 39.62764 119.48534 39.6014 119.55139 39.6014 curveto
119.61745 39.6014 119.6808 39.62764 119.72751 39.67435 curveto
119.77422 39.72105 119.80046 39.78441 119.80046 39.85046 curveto closepath fill
newpath 121.8977 41.94771 moveto
121.8977 42.01376 121.87146 42.07712 121.82475 42.12383 curveto
121.77805 42.17053 121.71469 42.19678 121.64864 42.19678 curveto
121.58258 42.19678 121.51923 42.17053 121.47252 42.12383 curveto
121.42581 42.07712 121.39957 42.01376 121.39957 41.94771 curveto
121.39957 41.88165 121.42581 41.8183 121.47252 41.77159 curveto
121.51923 41.72488 121.58258 41.69864 121.64864 41.69864 curveto
121.71469 41.69864 121.77805 41.72488 121.82475 41.77159 curveto
121.87146 41.8183 121.8977 41.88165 121.8977 41.94771 curveto closepath fill
newpath 123.99554 44.04555 moveto
123.99554 44.1116 123.9693 44.17496 123.92259 44.22166 curveto
123.87589 44.26837 123.81253 44.29462 123.74648 44.29462 curveto
123.68042 44.29462 123.61707 44.26837 123.57036 44.22166 curveto
123.52365 44.17496 123.4974 44.1116 123.4974 44.04555 curveto
123.4974 43.97949 123.52365 43.91614 123.57036 43.86943 curveto
123.61707 43.82272 123.68042 43.79648 123.74648 43.79648 curveto
123.81253 43.79648 123.87589 43.82272 123.92259 43.86943 curveto
123.9693 43.91614 123.99554 43.97949 123.99554 44.04555 curveto closepath fill
newpath 126.0928 46.1428 moveto
126.0928 46.20886 126.06656 46.27222 126.01985 46.31892 curveto
125.97314 46.36563 125.90979 46.39188 125.84373 46.39188 curveto
125.77768 46.39188 125.71432 46.36563 125.66762 46.31892 curveto
125.62091 46.27222 125.59467 46.20886 125.59467 46.1428 curveto
125.59467 46.07675 125.62091 46.0134 125.66762 45.96669 curveto
125.71432 45.91998 125.77768 45.89374 125.84373 45.89374 curveto
125.90979 45.89374 125.97314 45.91998 126.01985 45.96669 curveto
126.06656 46.0134 126.0928 46.07675 126.0928 46.1428 curveto closepath fill
newpath 128.19003 48.24004 moveto
128.19003 48.30609 128.16379 48.36945 128.11708 48.41615 curveto
128.07037 48.46286 128.00702 48.4891 127.94096 48.4891 curveto
127.87491 48.4891 127.81155 48.46286 127.76485 48.41615 curveto
127.71814 48.36945 127.6919 48.30609 127.6919 48.24004 curveto
127.6919 48.17398 127.71814 48.11063 127.76485 48.06392 curveto
127.81155 48.01721 127.87491 47.99097 127.94096 47.99097 curveto
128.00702 47.99097 128.07037 48.01721 128.11708 48.06392 curveto
128.16379 48.11063 128.19003 48.17398 128.19003 48.24004 curveto closepath fill
newpath 130.28726 50.33727 moveto
130.28726 50.40332 130.26102 50.46667 130.21431 50.51338 curveto
130.1676 50.56009 130.10425 50.58633 130.0382 50.58633 curveto
129.97214 50.58633 129.90878 50.56009 129.86208 50.51338 curveto
129.81537 50.46667 129.78912 50.40332 129.78912 50.33727 curveto
129.78912 50.27121 129.81537 50.20786 129.86208 50.16115 curveto
129.90878 50.11444 129.97214 50.0882 130.0382 50.0882 curveto
130.10425 50.0882 130.1676 50.11444 130.21431 50.16115 curveto
130.26102 50.20786 130.28726 50.27121 130.28726 50.33727 curveto closepath fill
newpath 132.3851 52.4351 moveto
132.3851 52.50116 132.35886 52.56451 132.31215 52.61122 curveto
132.26544 52.65793 132.20209 52.68417 132.13603 52.68417 curveto
132.06998 52.68417 132.00662 52.65793 131.95992 52.61122 curveto
131.91321 52.56451 131.88696 52.50116 131.88696 52.4351 curveto
131.88696 52.36905 131.91321 52.3057 131.95992 52.25899 curveto
132.00662 52.21228 132.06998 52.18604 132.13603 52.18604 curveto
132.20209 52.18604 132.26544 52.21228 132.31215 52.25899 curveto
132.35886 52.3057 132.3851 52.36905 132.3851 52.4351 curveto closepath fill
newpath 134.48233 54.53233 moveto
134.48233 54.59839 134.45609 54.66174 134.40938 54.70845 curveto
134.36267 54.75516 134.29932 54.7814 134.23326 54.7814 curveto
134.1672 54.7814 134.10385 54.75516 134.05714 54.70845 curveto
134.01044 54.66174 133.98419 54.59839 133.98419 54.53233 curveto
133.98419 54.46628 134.01044 54.40292 134.05714 54.35622 curveto
134.10385 54.30951 134.1672 54.28326 134.23326 54.28326 curveto
134.29932 54.28326 134.36267 54.30951 134.40938 54.35622 curveto
134.45609 54.40292 134.48233 54.46628 134.48233 54.53233 curveto closepath fill
newpath 136.57954 56.62955 moveto
136.57954 56.6956 136.5533 56.75896 136.50659 56.80566 curveto
136.45988 56.85237 136.39653 56.87862 136.33047 56.87862 curveto
136.26442 56.87862 136.20107 56.85237 136.15436 56.80566 curveto
136.10765 56.75896 136.0814 56.6956 136.0814 56.62955 curveto
136.0814 56.56349 136.10765 56.50014 136.15436 56.45343 curveto
136.20107 56.40672 136.26442 56.38048 136.33047 56.38048 curveto
136.39653 56.38048 136.45988 56.40672 136.50659 56.45343 curveto
136.5533 56.50014 136.57954 56.56349 136.57954 56.62955 curveto closepath fill
newpath 138.67677 58.72678 moveto
138.67677 58.79283 138.65053 58.85619 138.60382 58.9029 curveto
138.55711 58.9496 138.49376 58.97585 138.4277 58.97585 curveto
138.36165 58.97585 138.2983 58.9496 138.25159 58.9029 curveto
138.20488 58.85619 138.17863 58.79283 138.17863 58.72678 curveto
138.17863 58.66072 138.20488 58.59737 138.25159 58.55066 curveto
138.2983 58.50395 138.36165 58.4777 138.4277 58.4777 curveto
138.49376 58.4777 138.55711 58.50395 138.60382 58.55066 curveto
138.65053 58.59737 138.67677 58.66072 138.67677 58.72678 curveto closepath fill
newpath 140.77461 60.82462 moveto
140.77461 60.89067 140.74837 60.95403 140.70166 61.00073 curveto
140.65495 61.04744 140.5916 61.07368 140.52554 61.07368 curveto
140.45949 61.07368 140.39613 61.04744 140.34943 61.00073 curveto
140.30272 60.95403 140.27647 60.89067 140.27647 60.82462 curveto
140.27647 60.75856 140.30272 60.6952 140.34943 60.6485 curveto
140.39613 60.60179 140.45949 60.57555 140.52554 60.57555 curveto
140.5916 60.57555 140.65495 60.60179 140.70166 60.6485 curveto
140.74837 60.6952 140.77461 60.75856 140.77461 60.82462 curveto closepath fill
newpath 142.87184 62.92184 moveto
142.87184 62.9879 142.8456 63.05125 142.79889 63.09796 curveto
142.75218 63.14467 142.68883 63.17091 142.62277 63.17091 curveto
142.55672 63.17091 142.49336 63.14467 142.44666 63.09796 curveto
142.39995 63.05125 142.3737 62.9879 142.3737 62.92184 curveto
142.3737 62.85579 142.39995 62.79243 142.44666 62.74573 curveto
142.49336 62.69902 142.55672 62.67278 142.62277 62.67278 curveto
142.68883 62.67278 142.75218 62.69902 142.79889 62.74573 curveto
142.8456 62.79243 142.87184 62.85579 142.87184 62.92184 curveto closepath fill
newpath 144.96906 65.01906 moveto
144.96906 65.08511 144.94281 65.14847 144.8961 65.19518 curveto
144.8494 65.24188 144.78604 65.26813 144.71999 65.26813 curveto
144.65393 65.26813 144.59058 65.24188 144.54387 65.19518 curveto
144.49716 65.14847 144.47092 65.08511 144.47092 65.01906 curveto
144.47092 64.953 144.49716 64.88965 144.54387 64.84294 curveto
144.59058 64.79623 144.65393 64.76999 144.71999 64.76999 curveto
144.78604 64.76999 144.8494 64.79623 144.8961 64.84294 curveto
144.94281 64.88965 144.96906 64.953 144.96906 65.01906 curveto closepath fill
newpath 147.0669 67.1169 moveto
147.0669 67.18295 147.04065 67.2463 146.99394 67.29301 curveto
146.94724 67.33972 146.88388 67.36597 146.81783 67.36597 curveto
146.75177 67.36597 146.68842 67.33972 146.64171 67.29301 curveto
146.595 67.2463 146.56876 67.18295 146.56876 67.1169 curveto
146.56876 67.05084 146.595 66.98749 146.64171 66.94078 curveto
146.68842 66.89407 146.75177 66.86783 146.81783 66.86783 curveto
146.88388 66.86783 146.94724 66.89407 146.99394 66.94078 curveto
147.04065 66.98749 147.0669 67.05084 147.0669 67.1169 curveto closepath fill
newpath 149.16412 69.21413 moveto
149.16412 69.28018 149.13788 69.34354 149.09117 69.39024 curveto
149.04446 69.43695 148.98111 69.4632 148.91505 69.4632 curveto
148.849 69.4632 148.78564 69.43695 148.73894 69.39024 curveto
148.69223 69.34354 148.66599 69.28018 148.66599 69.21413 curveto
148.66599 69.14807 148.69223 69.08472 148.73894 69.03801 curveto
148.78564 68.9913 148.849 68.96506 148.91505 68.96506 curveto
148.98111 68.96506 149.04446 68.9913 149.09117 69.03801 curveto
149.13788 69.08472 149.16412 69.14807 149.16412 69.21413 curveto closepath fill
newpath 151.26135 71.31136 moveto
151.26135 71.37741 151.2351 71.44077 151.1884 71.48747 curveto
151.1417 71.53418 151.07834 71.56042 151.01228 71.56042 curveto
150.94623 71.56042 150.88287 71.53418 150.83617 71.48747 curveto
150.78946 71.44077 150.76321 71.37741 150.76321 71.31136 curveto
150.76321 71.2453 150.78946 71.18195 150.83617 71.13524 curveto
150.88287 71.08853 150.94623 71.06229 151.01228 71.06229 curveto
151.07834 71.06229 151.1417 71.08853 151.1884 71.13524 curveto
151.2351 71.18195 151.26135 71.2453 151.26135 71.31136 curveto closepath fill
newpath 153.35858 73.40858 moveto
153.35858 73.47464 153.33234 73.538 153.28563 73.5847 curveto
153.23892 73.63141 153.17557 73.65765 153.10951 73.65765 curveto
153.04346 73.65765 152.9801 73.63141 152.9334 73.5847 curveto
152.88669 73.538 152.86044 73.47464 152.86044 73.40858 curveto
152.86044 73.34253 152.88669 73.27917 152.9334 73.23247 curveto
152.9801 73.18576 153.04346 73.15952 153.10951 73.15952 curveto
153.17557 73.15952 153.23892 73.18576 153.28563 73.23247 curveto
153.33234 73.27917 153.35858 73.34253 153.35858 73.40858 curveto closepath fill
newpath 155.45644 75.50644 moveto
155.45644 75.5725 155.43019 75.63585 155.38348 75.68256 curveto
155.33678 75.72926 155.27342 75.75551 155.20737 75.75551 curveto
155.14131 75.75551 155.07796 75.72926 155.03125 75.68256 curveto
154.98454 75.63585 154.9583 75.5725 154.9583 75.50644 curveto
154.9583 75.44038 154.98454 75.37703 155.03125 75.33032 curveto
155.07796 75.28362 155.14131 75.25737 155.20737 75.25737 curveto
155.27342 75.25737 155.33678 75.28362 155.38348 75.33032 curveto
155.43019 75.37703 155.45644 75.44038 155.45644 75.50644 curveto closepath fill
newpath 157.55368 77.60368 moveto
157.55368 77.66974 157.52744 77.7331 157.48073 77.7798 curveto
157.43402 77.8265 157.37067 77.85275 157.30461 77.85275 curveto
157.23856 77.85275 157.1752 77.8265 157.1285 77.7798 curveto
157.08179 77.7331 157.05554 77.66974 157.05554 77.60368 curveto
157.05554 77.53763 157.08179 77.47427 157.1285 77.42757 curveto
157.1752 77.38086 157.23856 77.35461 157.30461 77.35461 curveto
157.37067 77.35461 157.43402 77.38086 157.48073 77.42757 curveto
157.52744 77.47427 157.55368 77.53763 157.55368 77.60368 curveto closepath fill
newpath 159.65092 79.70093 moveto
159.65092 79.76698 159.62468 79.83034 159.57797 79.87704 curveto
159.53127 79.92375 159.46791 79.95 159.40186 79.95 curveto
159.3358 79.95 159.27245 79.92375 159.22574 79.87704 curveto
159.17903 79.83034 159.15279 79.76698 159.15279 79.70093 curveto
159.15279 79.63487 159.17903 79.57152 159.22574 79.52481 curveto
159.27245 79.4781 159.3358 79.45186 159.40186 79.45186 curveto
159.46791 79.45186 159.53127 79.4781 159.57797 79.52481 curveto
159.62468 79.57152 159.65092 79.63487 159.65092 79.70093 curveto closepath fill
 0.49814 0 dtransform exch truncate exch idtransform pop setlinewidth
newpath 159.40186 99.62616 moveto
159.40186 97.13553 lineto stroke
newpath 159.40186 92.1542 moveto
159.40186 87.17294 lineto stroke
newpath 159.40186 82.19156 moveto
159.40186 79.70093 lineto stroke
newpath 79.70093 99.62616 moveto
79.70093 97.13553 lineto stroke
newpath 79.70093 92.1542 moveto
79.70093 87.17294 lineto stroke
newpath 79.70093 82.19156 moveto
79.70093 79.70093 lineto stroke
newpath 79.95 79.70093 moveto
79.95 79.76698 79.92375 79.83034 79.87704 79.87704 curveto
79.83034 79.92375 79.76698 79.95 79.70093 79.95 curveto
79.63487 79.95 79.57152 79.92375 79.52481 79.87704 curveto
79.4781 79.83034 79.45186 79.76698 79.45186 79.70093 curveto
79.45186 79.63487 79.4781 79.57152 79.52481 79.52481 curveto
79.57152 79.4781 79.63487 79.45186 79.70093 79.45186 curveto
79.76698 79.45186 79.83034 79.4781 79.87704 79.52481 curveto
79.92375 79.57152 79.95 79.63487 79.95 79.70093 curveto closepath fill
newpath 82.90157 79.70093 moveto
82.90157 79.76698 82.87532 79.83034 82.82861 79.87704 curveto
82.7819 79.92375 82.71855 79.95 82.6525 79.95 curveto
82.58644 79.95 82.52309 79.92375 82.47638 79.87704 curveto
82.42967 79.83034 82.40343 79.76698 82.40343 79.70093 curveto
82.40343 79.63487 82.42967 79.57152 82.47638 79.52481 curveto
82.52309 79.4781 82.58644 79.45186 82.6525 79.45186 curveto
82.71855 79.45186 82.7819 79.4781 82.82861 79.52481 curveto
82.87532 79.57152 82.90157 79.63487 82.90157 79.70093 curveto closepath fill
newpath 85.85432 79.70093 moveto
85.85432 79.76698 85.82808 79.83034 85.78137 79.87704 curveto
85.73466 79.92375 85.67131 79.95 85.60526 79.95 curveto
85.5392 79.95 85.47585 79.92375 85.42914 79.87704 curveto
85.38243 79.83034 85.35619 79.76698 85.35619 79.70093 curveto
85.35619 79.63487 85.38243 79.57152 85.42914 79.52481 curveto
85.47585 79.4781 85.5392 79.45186 85.60526 79.45186 curveto
85.67131 79.45186 85.73466 79.4781 85.78137 79.52481 curveto
85.82808 79.57152 85.85432 79.63487 85.85432 79.70093 curveto closepath fill
newpath 88.8059 79.70093 moveto
88.8059 79.76698 88.77965 79.83034 88.73294 79.87704 curveto
88.68623 79.92375 88.62288 79.95 88.55682 79.95 curveto
88.49077 79.95 88.42741 79.92375 88.3807 79.87704 curveto
88.334 79.83034 88.30775 79.76698 88.30775 79.70093 curveto
88.30775 79.63487 88.334 79.57152 88.3807 79.52481 curveto
88.42741 79.4781 88.49077 79.45186 88.55682 79.45186 curveto
88.62288 79.45186 88.68623 79.4781 88.73294 79.52481 curveto
88.77965 79.57152 88.8059 79.63487 88.8059 79.70093 curveto closepath fill
newpath 91.75748 79.70093 moveto
91.75748 79.76698 91.73123 79.83034 91.68452 79.87704 curveto
91.63782 79.92375 91.57446 79.95 91.5084 79.95 curveto
91.44235 79.95 91.379 79.92375 91.33229 79.87704 curveto
91.28558 79.83034 91.25934 79.76698 91.25934 79.70093 curveto
91.25934 79.63487 91.28558 79.57152 91.33229 79.52481 curveto
91.379 79.4781 91.44235 79.45186 91.5084 79.45186 curveto
91.57446 79.45186 91.63782 79.4781 91.68452 79.52481 curveto
91.73123 79.57152 91.75748 79.63487 91.75748 79.70093 curveto closepath fill
newpath 94.70905 79.70093 moveto
94.70905 79.76698 94.6828 79.83034 94.6361 79.87704 curveto
94.58939 79.92375 94.52603 79.95 94.45998 79.95 curveto
94.39392 79.95 94.33057 79.92375 94.28386 79.87704 curveto
94.23715 79.83034 94.2109 79.76698 94.2109 79.70093 curveto
94.2109 79.63487 94.23715 79.57152 94.28386 79.52481 curveto
94.33057 79.4781 94.39392 79.45186 94.45998 79.45186 curveto
94.52603 79.45186 94.58939 79.4781 94.6361 79.52481 curveto
94.6828 79.57152 94.70905 79.63487 94.70905 79.70093 curveto closepath fill
newpath 97.66182 79.70093 moveto
97.66182 79.76698 97.63557 79.83034 97.58887 79.87704 curveto
97.54216 79.92375 97.4788 79.95 97.41275 79.95 curveto
97.3467 79.95 97.28334 79.92375 97.23663 79.87704 curveto
97.18993 79.83034 97.16368 79.76698 97.16368 79.70093 curveto
97.16368 79.63487 97.18993 79.57152 97.23663 79.52481 curveto
97.28334 79.4781 97.3467 79.45186 97.41275 79.45186 curveto
97.4788 79.45186 97.54216 79.4781 97.58887 79.52481 curveto
97.63557 79.57152 97.66182 79.63487 97.66182 79.70093 curveto closepath fill
newpath 100.6134 79.70093 moveto
100.6134 79.76698 100.58716 79.83034 100.54045 79.87704 curveto
100.49374 79.92375 100.43039 79.95 100.36433 79.95 curveto
100.29828 79.95 100.23492 79.92375 100.18822 79.87704 curveto
100.14151 79.83034 100.11526 79.76698 100.11526 79.70093 curveto
100.11526 79.63487 100.14151 79.57152 100.18822 79.52481 curveto
100.23492 79.4781 100.29828 79.45186 100.36433 79.45186 curveto
100.43039 79.45186 100.49374 79.4781 100.54045 79.52481 curveto
100.58716 79.57152 100.6134 79.63487 100.6134 79.70093 curveto closepath fill
newpath 103.56497 79.70093 moveto
103.56497 79.76698 103.53873 79.83034 103.49202 79.87704 curveto
103.44531 79.92375 103.38196 79.95 103.3159 79.95 curveto
103.24985 79.95 103.1865 79.92375 103.13979 79.87704 curveto
103.09308 79.83034 103.06683 79.76698 103.06683 79.70093 curveto
103.06683 79.63487 103.09308 79.57152 103.13979 79.52481 curveto
103.1865 79.4781 103.24985 79.45186 103.3159 79.45186 curveto
103.38196 79.45186 103.44531 79.4781 103.49202 79.52481 curveto
103.53873 79.57152 103.56497 79.63487 103.56497 79.70093 curveto closepath fill
newpath 106.51654 79.70093 moveto
106.51654 79.76698 106.4903 79.83034 106.44359 79.87704 curveto
106.39688 79.92375 106.33353 79.95 106.26747 79.95 curveto
106.20142 79.95 106.13806 79.92375 106.09135 79.87704 curveto
106.04465 79.83034 106.0184 79.76698 106.0184 79.70093 curveto
106.0184 79.63487 106.04465 79.57152 106.09135 79.52481 curveto
106.13806 79.4781 106.20142 79.45186 106.26747 79.45186 curveto
106.33353 79.45186 106.39688 79.4781 106.44359 79.52481 curveto
106.4903 79.57152 106.51654 79.63487 106.51654 79.70093 curveto closepath fill
newpath 109.46933 79.70093 moveto
109.46933 79.76698 109.44308 79.83034 109.39638 79.87704 curveto
109.34967 79.92375 109.28632 79.95 109.22026 79.95 curveto
109.1542 79.95 109.09085 79.92375 109.04414 79.87704 curveto
108.99744 79.83034 108.97119 79.76698 108.97119 79.70093 curveto
108.97119 79.63487 108.99744 79.57152 109.04414 79.52481 curveto
109.09085 79.4781 109.1542 79.45186 109.22026 79.45186 curveto
109.28632 79.45186 109.34967 79.4781 109.39638 79.52481 curveto
109.44308 79.57152 109.46933 79.63487 109.46933 79.70093 curveto closepath fill
newpath 112.42091 79.70093 moveto
112.42091 79.76698 112.39467 79.83034 112.34796 79.87704 curveto
112.30125 79.92375 112.2379 79.95 112.17184 79.95 curveto
112.10579 79.95 112.04243 79.92375 111.99573 79.87704 curveto
111.94902 79.83034 111.92278 79.76698 111.92278 79.70093 curveto
111.92278 79.63487 111.94902 79.57152 111.99573 79.52481 curveto
112.04243 79.4781 112.10579 79.45186 112.17184 79.45186 curveto
112.2379 79.45186 112.30125 79.4781 112.34796 79.52481 curveto
112.39467 79.57152 112.42091 79.63487 112.42091 79.70093 curveto closepath fill
newpath 115.37248 79.70093 moveto
115.37248 79.76698 115.34624 79.83034 115.29953 79.87704 curveto
115.25282 79.92375 115.18947 79.95 115.12341 79.95 curveto
115.05736 79.95 114.994 79.92375 114.9473 79.87704 curveto
114.90059 79.83034 114.87434 79.76698 114.87434 79.70093 curveto
114.87434 79.63487 114.90059 79.57152 114.9473 79.52481 curveto
114.994 79.4781 115.05736 79.45186 115.12341 79.45186 curveto
115.18947 79.45186 115.25282 79.4781 115.29953 79.52481 curveto
115.34624 79.57152 115.37248 79.63487 115.37248 79.70093 curveto closepath fill
newpath 118.32407 79.70093 moveto
118.32407 79.76698 118.29782 79.83034 118.25111 79.87704 curveto
118.2044 79.92375 118.14105 79.95 118.075 79.95 curveto
118.00894 79.95 117.94559 79.92375 117.89888 79.87704 curveto
117.85217 79.83034 117.82593 79.76698 117.82593 79.70093 curveto
117.82593 79.63487 117.85217 79.57152 117.89888 79.52481 curveto
117.94559 79.4781 118.00894 79.45186 118.075 79.45186 curveto
118.14105 79.45186 118.2044 79.4781 118.25111 79.52481 curveto
118.29782 79.57152 118.32407 79.63487 118.32407 79.70093 curveto closepath fill
newpath 121.27686 79.70093 moveto
121.27686 79.76698 121.25061 79.83034 121.2039 79.87704 curveto
121.1572 79.92375 121.09384 79.95 121.02779 79.95 curveto
120.96173 79.95 120.89838 79.92375 120.85167 79.87704 curveto
120.80496 79.83034 120.77872 79.76698 120.77872 79.70093 curveto
120.77872 79.63487 120.80496 79.57152 120.85167 79.52481 curveto
120.89838 79.4781 120.96173 79.45186 121.02779 79.45186 curveto
121.09384 79.45186 121.1572 79.4781 121.2039 79.52481 curveto
121.25061 79.57152 121.27686 79.63487 121.27686 79.70093 curveto closepath fill
newpath 124.22844 79.70093 moveto
124.22844 79.76698 124.2022 79.83034 124.15549 79.87704 curveto
124.10878 79.92375 124.04543 79.95 123.97937 79.95 curveto
123.91331 79.95 123.84996 79.92375 123.80325 79.87704 curveto
123.75655 79.83034 123.7303 79.76698 123.7303 79.70093 curveto
123.7303 79.63487 123.75655 79.57152 123.80325 79.52481 curveto
123.84996 79.4781 123.91331 79.45186 123.97937 79.45186 curveto
124.04543 79.45186 124.10878 79.4781 124.15549 79.52481 curveto
124.2022 79.57152 124.22844 79.63487 124.22844 79.70093 curveto closepath fill
newpath 127.18001 79.70093 moveto
127.18001 79.76698 127.15376 79.83034 127.10706 79.87704 curveto
127.06035 79.92375 126.997 79.95 126.93094 79.95 curveto
126.86488 79.95 126.80153 79.92375 126.75482 79.87704 curveto
126.70811 79.83034 126.68187 79.76698 126.68187 79.70093 curveto
126.68187 79.63487 126.70811 79.57152 126.75482 79.52481 curveto
126.80153 79.4781 126.86488 79.45186 126.93094 79.45186 curveto
126.997 79.45186 127.06035 79.4781 127.10706 79.52481 curveto
127.15376 79.57152 127.18001 79.63487 127.18001 79.70093 curveto closepath fill
newpath 130.13159 79.70093 moveto
130.13159 79.76698 130.10535 79.83034 130.05864 79.87704 curveto
130.01193 79.92375 129.94858 79.95 129.88252 79.95 curveto
129.81647 79.95 129.75311 79.92375 129.7064 79.87704 curveto
129.6597 79.83034 129.63345 79.76698 129.63345 79.70093 curveto
129.63345 79.63487 129.6597 79.57152 129.7064 79.52481 curveto
129.75311 79.4781 129.81647 79.45186 129.88252 79.45186 curveto
129.94858 79.45186 130.01193 79.4781 130.05864 79.52481 curveto
130.10535 79.57152 130.13159 79.63487 130.13159 79.70093 curveto closepath fill
newpath 133.08438 79.70093 moveto
133.08438 79.76698 133.05814 79.83034 133.01143 79.87704 curveto
132.96472 79.92375 132.90137 79.95 132.83531 79.95 curveto
132.76926 79.95 132.7059 79.92375 132.6592 79.87704 curveto
132.61249 79.83034 132.58624 79.76698 132.58624 79.70093 curveto
132.58624 79.63487 132.61249 79.57152 132.6592 79.52481 curveto
132.7059 79.4781 132.76926 79.45186 132.83531 79.45186 curveto
132.90137 79.45186 132.96472 79.4781 133.01143 79.52481 curveto
133.05814 79.57152 133.08438 79.63487 133.08438 79.70093 curveto closepath fill
newpath 136.03595 79.70093 moveto
136.03595 79.76698 136.0097 79.83034 135.963 79.87704 curveto
135.91629 79.92375 135.85294 79.95 135.78688 79.95 curveto
135.72083 79.95 135.65747 79.92375 135.61076 79.87704 curveto
135.56406 79.83034 135.53781 79.76698 135.53781 79.70093 curveto
135.53781 79.63487 135.56406 79.57152 135.61076 79.52481 curveto
135.65747 79.4781 135.72083 79.45186 135.78688 79.45186 curveto
135.85294 79.45186 135.91629 79.4781 135.963 79.52481 curveto
136.0097 79.57152 136.03595 79.63487 136.03595 79.70093 curveto closepath fill
newpath 138.98752 79.70093 moveto
138.98752 79.76698 138.96127 79.83034 138.91457 79.87704 curveto
138.86786 79.92375 138.8045 79.95 138.73845 79.95 curveto
138.6724 79.95 138.60904 79.92375 138.56233 79.87704 curveto
138.51563 79.83034 138.48938 79.76698 138.48938 79.70093 curveto
138.48938 79.63487 138.51563 79.57152 138.56233 79.52481 curveto
138.60904 79.4781 138.6724 79.45186 138.73845 79.45186 curveto
138.8045 79.45186 138.86786 79.4781 138.91457 79.52481 curveto
138.96127 79.57152 138.98752 79.63487 138.98752 79.70093 curveto closepath fill
newpath 141.9391 79.70093 moveto
141.9391 79.76698 141.91286 79.83034 141.86615 79.87704 curveto
141.81944 79.92375 141.75609 79.95 141.69003 79.95 curveto
141.62398 79.95 141.56062 79.92375 141.51392 79.87704 curveto
141.46721 79.83034 141.44096 79.76698 141.44096 79.70093 curveto
141.44096 79.63487 141.46721 79.57152 141.51392 79.52481 curveto
141.56062 79.4781 141.62398 79.45186 141.69003 79.45186 curveto
141.75609 79.45186 141.81944 79.4781 141.86615 79.52481 curveto
141.91286 79.57152 141.9391 79.63487 141.9391 79.70093 curveto closepath fill
newpath 144.89188 79.70093 moveto
144.89188 79.76698 144.86563 79.83034 144.81892 79.87704 curveto
144.77222 79.92375 144.70886 79.95 144.6428 79.95 curveto
144.57675 79.95 144.5134 79.92375 144.46669 79.87704 curveto
144.41998 79.83034 144.39374 79.76698 144.39374 79.70093 curveto
144.39374 79.63487 144.41998 79.57152 144.46669 79.52481 curveto
144.5134 79.4781 144.57675 79.45186 144.6428 79.45186 curveto
144.70886 79.45186 144.77222 79.4781 144.81892 79.52481 curveto
144.86563 79.57152 144.89188 79.63487 144.89188 79.70093 curveto closepath fill
newpath 147.84344 79.70093 moveto
147.84344 79.76698 147.8172 79.83034 147.7705 79.87704 curveto
147.72379 79.92375 147.66043 79.95 147.59438 79.95 curveto
147.52832 79.95 147.46497 79.92375 147.41826 79.87704 curveto
147.37155 79.83034 147.3453 79.76698 147.3453 79.70093 curveto
147.3453 79.63487 147.37155 79.57152 147.41826 79.52481 curveto
147.46497 79.4781 147.52832 79.45186 147.59438 79.45186 curveto
147.66043 79.45186 147.72379 79.4781 147.7705 79.52481 curveto
147.8172 79.57152 147.84344 79.63487 147.84344 79.70093 curveto closepath fill
newpath 150.79503 79.70093 moveto
150.79503 79.76698 150.76878 79.83034 150.72208 79.87704 curveto
150.67537 79.92375 150.61201 79.95 150.54596 79.95 curveto
150.4799 79.95 150.41655 79.92375 150.36984 79.87704 curveto
150.32314 79.83034 150.29689 79.76698 150.29689 79.70093 curveto
150.29689 79.63487 150.32314 79.57152 150.36984 79.52481 curveto
150.41655 79.4781 150.4799 79.45186 150.54596 79.45186 curveto
150.61201 79.45186 150.67537 79.4781 150.72208 79.52481 curveto
150.76878 79.57152 150.79503 79.63487 150.79503 79.70093 curveto closepath fill
newpath 153.7466 79.70093 moveto
153.7466 79.76698 153.72035 79.83034 153.67365 79.87704 curveto
153.62694 79.92375 153.56358 79.95 153.49753 79.95 curveto
153.43147 79.95 153.36812 79.92375 153.32141 79.87704 curveto
153.2747 79.83034 153.24846 79.76698 153.24846 79.70093 curveto
153.24846 79.63487 153.2747 79.57152 153.32141 79.52481 curveto
153.36812 79.4781 153.43147 79.45186 153.49753 79.45186 curveto
153.56358 79.45186 153.62694 79.4781 153.67365 79.52481 curveto
153.72035 79.57152 153.7466 79.63487 153.7466 79.70093 curveto closepath fill
newpath 156.69936 79.70093 moveto
156.69936 79.76698 156.67311 79.83034 156.6264 79.87704 curveto
156.5797 79.92375 156.51634 79.95 156.45029 79.95 curveto
156.38423 79.95 156.32088 79.92375 156.27417 79.87704 curveto
156.22746 79.83034 156.20122 79.76698 156.20122 79.70093 curveto
156.20122 79.63487 156.22746 79.57152 156.27417 79.52481 curveto
156.32088 79.4781 156.38423 79.45186 156.45029 79.45186 curveto
156.51634 79.45186 156.5797 79.4781 156.6264 79.52481 curveto
156.67311 79.57152 156.69936 79.63487 156.69936 79.70093 curveto closepath fill
newpath 159.65092 79.70093 moveto
159.65092 79.76698 159.62468 79.83034 159.57797 79.87704 curveto
159.53127 79.92375 159.46791 79.95 159.40186 79.95 curveto
159.3358 79.95 159.27245 79.92375 159.22574 79.87704 curveto
159.17903 79.83034 159.15279 79.76698 159.15279 79.70093 curveto
159.15279 79.63487 159.17903 79.57152 159.22574 79.52481 curveto
159.27245 79.4781 159.3358 79.45186 159.40186 79.45186 curveto
159.46791 79.45186 159.53127 79.4781 159.57797 79.52481 curveto
159.62468 79.57152 159.65092 79.63487 159.65092 79.70093 curveto closepath fill
newpath 79.95 79.70093 moveto
79.95 79.76698 79.92375 79.83034 79.87704 79.87704 curveto
79.83034 79.92375 79.76698 79.95 79.70093 79.95 curveto
79.63487 79.95 79.57152 79.92375 79.52481 79.87704 curveto
79.4781 79.83034 79.45186 79.76698 79.45186 79.70093 curveto
79.45186 79.63487 79.4781 79.57152 79.52481 79.52481 curveto
79.57152 79.4781 79.63487 79.45186 79.70093 79.45186 curveto
79.76698 79.45186 79.83034 79.4781 79.87704 79.52481 curveto
79.92375 79.57152 79.95 79.63487 79.95 79.70093 curveto closepath fill
newpath 77.85275 77.60368 moveto
77.85275 77.66974 77.8265 77.7331 77.7798 77.7798 curveto
77.7331 77.8265 77.66974 77.85275 77.60368 77.85275 curveto
77.53763 77.85275 77.47427 77.8265 77.42757 77.7798 curveto
77.38086 77.7331 77.35461 77.66974 77.35461 77.60368 curveto
77.35461 77.53763 77.38086 77.47427 77.42757 77.42757 curveto
77.47427 77.38086 77.53763 77.35461 77.60368 77.35461 curveto
77.66974 77.35461 77.7331 77.38086 77.7798 77.42757 curveto
77.8265 77.47427 77.85275 77.53763 77.85275 77.60368 curveto closepath fill
newpath 75.75491 75.50584 moveto
75.75491 75.5719 75.72867 75.63525 75.68196 75.68196 curveto
75.63525 75.72867 75.5719 75.75491 75.50584 75.75491 curveto
75.43979 75.75491 75.37643 75.72867 75.32973 75.68196 curveto
75.28302 75.63525 75.25677 75.5719 75.25677 75.50584 curveto
75.25677 75.43979 75.28302 75.37643 75.32973 75.32973 curveto
75.37643 75.28302 75.43979 75.25677 75.50584 75.25677 curveto
75.5719 75.25677 75.63525 75.28302 75.68196 75.32973 curveto
75.72867 75.37643 75.75491 75.43979 75.75491 75.50584 curveto closepath fill
newpath 73.65765 73.40858 moveto
73.65765 73.47464 73.63141 73.538 73.5847 73.5847 curveto
73.538 73.63141 73.47464 73.65765 73.40858 73.65765 curveto
73.34253 73.65765 73.27917 73.63141 73.23247 73.5847 curveto
73.18576 73.538 73.15952 73.47464 73.15952 73.40858 curveto
73.15952 73.34253 73.18576 73.27917 73.23247 73.23247 curveto
73.27917 73.18576 73.34253 73.15952 73.40858 73.15952 curveto
73.47464 73.15952 73.538 73.18576 73.5847 73.23247 curveto
73.63141 73.27917 73.65765 73.34253 73.65765 73.40858 curveto closepath fill
newpath 71.56042 71.31136 moveto
71.56042 71.37741 71.53418 71.44077 71.48747 71.48747 curveto
71.44077 71.53418 71.37741 71.56042 71.31136 71.56042 curveto
71.2453 71.56042 71.18195 71.53418 71.13524 71.48747 curveto
71.08853 71.44077 71.06229 71.37741 71.06229 71.31136 curveto
71.06229 71.2453 71.08853 71.18195 71.13524 71.13524 curveto
71.18195 71.08853 71.2453 71.06229 71.31136 71.06229 curveto
71.37741 71.06229 71.44077 71.08853 71.48747 71.13524 curveto
71.53418 71.18195 71.56042 71.2453 71.56042 71.31136 curveto closepath fill
newpath 69.4632 69.21413 moveto
69.4632 69.28018 69.43695 69.34354 69.39024 69.39024 curveto
69.34354 69.43695 69.28018 69.4632 69.21413 69.4632 curveto
69.14807 69.4632 69.08472 69.43695 69.03801 69.39024 curveto
68.9913 69.34354 68.96506 69.28018 68.96506 69.21413 curveto
68.96506 69.14807 68.9913 69.08472 69.03801 69.03801 curveto
69.08472 68.9913 69.14807 68.96506 69.21413 68.96506 curveto
69.28018 68.96506 69.34354 68.9913 69.39024 69.03801 curveto
69.43695 69.08472 69.4632 69.14807 69.4632 69.21413 curveto closepath fill
newpath 67.36536 67.11629 moveto
67.36536 67.18234 67.33911 67.2457 67.2924 67.2924 curveto
67.2457 67.33911 67.18234 67.36536 67.11629 67.36536 curveto
67.05023 67.36536 66.98688 67.33911 66.94017 67.2924 curveto
66.89346 67.2457 66.86722 67.18234 66.86722 67.11629 curveto
66.86722 67.05023 66.89346 66.98688 66.94017 66.94017 curveto
66.98688 66.89346 67.05023 66.86722 67.11629 66.86722 curveto
67.18234 66.86722 67.2457 66.89346 67.2924 66.94017 curveto
67.33911 66.98688 67.36536 67.05023 67.36536 67.11629 curveto closepath fill
newpath 65.26813 65.01906 moveto
65.26813 65.08511 65.24188 65.14847 65.19518 65.19518 curveto
65.14847 65.24188 65.08511 65.26813 65.01906 65.26813 curveto
64.953 65.26813 64.88965 65.24188 64.84294 65.19518 curveto
64.79623 65.14847 64.76999 65.08511 64.76999 65.01906 curveto
64.76999 64.953 64.79623 64.88965 64.84294 64.84294 curveto
64.88965 64.79623 64.953 64.76999 65.01906 64.76999 curveto
65.08511 64.76999 65.14847 64.79623 65.19518 64.84294 curveto
65.24188 64.88965 65.26813 64.953 65.26813 65.01906 curveto closepath fill
newpath 63.17091 62.92184 moveto
63.17091 62.9879 63.14467 63.05125 63.09796 63.09796 curveto
63.05125 63.14467 62.9879 63.17091 62.92184 63.17091 curveto
62.85579 63.17091 62.79243 63.14467 62.74573 63.09796 curveto
62.69902 63.05125 62.67278 62.9879 62.67278 62.92184 curveto
62.67278 62.85579 62.69902 62.79243 62.74573 62.74573 curveto
62.79243 62.69902 62.85579 62.67278 62.92184 62.67278 curveto
62.9879 62.67278 63.05125 62.69902 63.09796 62.74573 curveto
63.14467 62.79243 63.17091 62.85579 63.17091 62.92184 curveto closepath fill
newpath 61.07368 60.82462 moveto
61.07368 60.89067 61.04744 60.95403 61.00073 61.00073 curveto
60.95403 61.04744 60.89067 61.07368 60.82462 61.07368 curveto
60.75856 61.07368 60.6952 61.04744 60.6485 61.00073 curveto
60.60179 60.95403 60.57555 60.89067 60.57555 60.82462 curveto
60.57555 60.75856 60.60179 60.6952 60.6485 60.6485 curveto
60.6952 60.60179 60.75856 60.57555 60.82462 60.57555 curveto
60.89067 60.57555 60.95403 60.60179 61.00073 60.6485 curveto
61.04744 60.6952 61.07368 60.75856 61.07368 60.82462 curveto closepath fill
newpath 58.97585 58.72678 moveto
58.97585 58.79283 58.9496 58.85619 58.9029 58.9029 curveto
58.85619 58.9496 58.79283 58.97585 58.72678 58.97585 curveto
58.66072 58.97585 58.59737 58.9496 58.55066 58.9029 curveto
58.50395 58.85619 58.4777 58.79283 58.4777 58.72678 curveto
58.4777 58.66072 58.50395 58.59737 58.55066 58.55066 curveto
58.59737 58.50395 58.66072 58.4777 58.72678 58.4777 curveto
58.79283 58.4777 58.85619 58.50395 58.9029 58.55066 curveto
58.9496 58.59737 58.97585 58.66072 58.97585 58.72678 curveto closepath fill
newpath 56.87862 56.62955 moveto
56.87862 56.6956 56.85237 56.75896 56.80566 56.80566 curveto
56.75896 56.85237 56.6956 56.87862 56.62955 56.87862 curveto
56.56349 56.87862 56.50014 56.85237 56.45343 56.80566 curveto
56.40672 56.75896 56.38048 56.6956 56.38048 56.62955 curveto
56.38048 56.56349 56.40672 56.50014 56.45343 56.45343 curveto
56.50014 56.40672 56.56349 56.38048 56.62955 56.38048 curveto
56.6956 56.38048 56.75896 56.40672 56.80566 56.45343 curveto
56.85237 56.50014 56.87862 56.56349 56.87862 56.62955 curveto closepath fill
newpath 54.7814 54.53233 moveto
54.7814 54.59839 54.75516 54.66174 54.70845 54.70845 curveto
54.66174 54.75516 54.59839 54.7814 54.53233 54.7814 curveto
54.46628 54.7814 54.40292 54.75516 54.35622 54.70845 curveto
54.30951 54.66174 54.28326 54.59839 54.28326 54.53233 curveto
54.28326 54.46628 54.30951 54.40292 54.35622 54.35622 curveto
54.40292 54.30951 54.46628 54.28326 54.53233 54.28326 curveto
54.59839 54.28326 54.66174 54.30951 54.70845 54.35622 curveto
54.75516 54.40292 54.7814 54.46628 54.7814 54.53233 curveto closepath fill
newpath 52.68356 52.4345 moveto
52.68356 52.50055 52.65732 52.5639 52.61061 52.61061 curveto
52.5639 52.65732 52.50055 52.68356 52.4345 52.68356 curveto
52.36844 52.68356 52.30508 52.65732 52.25838 52.61061 curveto
52.21167 52.5639 52.18542 52.50055 52.18542 52.4345 curveto
52.18542 52.36844 52.21167 52.30508 52.25838 52.25838 curveto
52.30508 52.21167 52.36844 52.18542 52.4345 52.18542 curveto
52.50055 52.18542 52.5639 52.21167 52.61061 52.25838 curveto
52.65732 52.30508 52.68356 52.36844 52.68356 52.4345 curveto closepath fill
newpath 50.58633 50.33727 moveto
50.58633 50.40332 50.56009 50.46667 50.51338 50.51338 curveto
50.46667 50.56009 50.40332 50.58633 50.33727 50.58633 curveto
50.27121 50.58633 50.20786 50.56009 50.16115 50.51338 curveto
50.11444 50.46667 50.0882 50.40332 50.0882 50.33727 curveto
50.0882 50.27121 50.11444 50.20786 50.16115 50.16115 curveto
50.20786 50.11444 50.27121 50.0882 50.33727 50.0882 curveto
50.40332 50.0882 50.46667 50.11444 50.51338 50.16115 curveto
50.56009 50.20786 50.58633 50.27121 50.58633 50.33727 curveto closepath fill
newpath 48.4891 48.24004 moveto
48.4891 48.30609 48.46286 48.36945 48.41615 48.41615 curveto
48.36945 48.46286 48.30609 48.4891 48.24004 48.4891 curveto
48.17398 48.4891 48.11063 48.46286 48.06392 48.41615 curveto
48.01721 48.36945 47.99097 48.30609 47.99097 48.24004 curveto
47.99097 48.17398 48.01721 48.11063 48.06392 48.06392 curveto
48.11063 48.01721 48.17398 47.99097 48.24004 47.99097 curveto
48.30609 47.99097 48.36945 48.01721 48.41615 48.06392 curveto
48.46286 48.11063 48.4891 48.17398 48.4891 48.24004 curveto closepath fill
newpath 46.39188 46.1428 moveto
46.39188 46.20886 46.36563 46.27222 46.31892 46.31892 curveto
46.27222 46.36563 46.20886 46.39188 46.1428 46.39188 curveto
46.07675 46.39188 46.0134 46.36563 45.96669 46.31892 curveto
45.91998 46.27222 45.89374 46.20886 45.89374 46.1428 curveto
45.89374 46.07675 45.91998 46.0134 45.96669 45.96669 curveto
46.0134 45.91998 46.07675 45.89374 46.1428 45.89374 curveto
46.20886 45.89374 46.27222 45.91998 46.31892 45.96669 curveto
46.36563 46.0134 46.39188 46.07675 46.39188 46.1428 curveto closepath fill
newpath 44.29402 44.04495 moveto
44.29402 44.11101 44.26778 44.17436 44.22107 44.22107 curveto
44.17436 44.26778 44.11101 44.29402 44.04495 44.29402 curveto
43.9789 44.29402 43.91554 44.26778 43.86884 44.22107 curveto
43.82213 44.17436 43.79588 44.11101 43.79588 44.04495 curveto
43.79588 43.9789 43.82213 43.91554 43.86884 43.86884 curveto
43.91554 43.82213 43.9789 43.79588 44.04495 43.79588 curveto
44.11101 43.79588 44.17436 43.82213 44.22107 43.86884 curveto
44.26778 43.91554 44.29402 43.9789 44.29402 44.04495 curveto closepath fill
newpath 42.19678 41.94771 moveto
42.19678 42.01376 42.17053 42.07712 42.12383 42.12383 curveto
42.07712 42.17053 42.01376 42.19678 41.94771 42.19678 curveto
41.88165 42.19678 41.8183 42.17053 41.77159 42.12383 curveto
41.72488 42.07712 41.69864 42.01376 41.69864 41.94771 curveto
41.69864 41.88165 41.72488 41.8183 41.77159 41.77159 curveto
41.8183 41.72488 41.88165 41.69864 41.94771 41.69864 curveto
42.01376 41.69864 42.07712 41.72488 42.12383 41.77159 curveto
42.17053 41.8183 42.19678 41.88165 42.19678 41.94771 curveto closepath fill
newpath 40.09953 39.85046 moveto
40.09953 39.91652 40.07329 39.97987 40.02658 40.02658 curveto
39.97987 40.07329 39.91652 40.09953 39.85046 40.09953 curveto
39.78441 40.09953 39.72105 40.07329 39.67435 40.02658 curveto
39.62764 39.97987 39.6014 39.91652 39.6014 39.85046 curveto
39.6014 39.78441 39.62764 39.72105 39.67435 39.67435 curveto
39.72105 39.62764 39.78441 39.6014 39.85046 39.6014 curveto
39.91652 39.6014 39.97987 39.62764 40.02658 39.67435 curveto
40.07329 39.72105 40.09953 39.78441 40.09953 39.85046 curveto closepath fill
 0 0.49814 dtransform truncate idtransform setlinewidth pop
newpath 39.85046 29.88785 moveto
119.55139 29.88785 lineto stroke
newpath 116.5626 31.38225 moveto
117.26816 30.4415 118.37546 29.88785 119.55139 29.88785 curveto
118.37546 29.88785 117.26816 29.3342 116.5626 28.39345 curveto stroke
newpath 42.83925 28.39345 moveto
42.1337 29.3342 41.0264 29.88785 39.85046 29.88785 curveto
41.0264 29.88785 42.1337 30.4415 42.83925 31.38225 curveto stroke
 0.49814 0 dtransform exch truncate exch idtransform pop setlinewidth
newpath 29.88785 39.85046 moveto
29.88785 59.7757 lineto stroke
 0 0.49814 dtransform truncate idtransform setlinewidth pop
newpath 28.39345 56.78691 moveto
29.3342 57.49246 29.88785 58.59976 29.88785 59.7757 curveto
29.88785 58.59976 30.4415 57.49246 31.38225 56.78691 curveto stroke
newpath 31.38225 42.83925 moveto
30.4415 42.1337 29.88785 41.0264 29.88785 39.85046 curveto
29.88785 41.0264 29.3342 42.1337 28.39345 42.83925 curveto stroke
newpath 129.514 34.86916 moveto
169.36447 74.71962 lineto stroke
newpath 166.19438 73.66293 moveto
167.35849 73.49663 168.53296 73.8881 169.36447 74.71962 curveto
168.53296 73.8881 168.14148 72.71364 168.30779 71.54953 curveto stroke
newpath 132.6841 35.92584 moveto
131.51999 36.09215 130.34552 35.70067 129.514 34.86916 curveto
130.34552 35.70067 130.737 36.87514 130.5707 38.03925 curveto stroke
showpage
%%EOF
