%!PS
%%BoundingBox: -1 -1 150 150 
%%HiResBoundingBox: -0.24907 -0.24907 149.68831 149.68831 
%%Creator: MetaPost 2.10
%%CreationDate: 2025.07.14:0743
%%Pages: 1
%%BeginProlog
%%EndProlog
%%Page: 1 1
 0 0 0 setrgbcolor 0 0.49814 dtransform truncate idtransform setlinewidth pop
 [] 0 setdash 1 setlinecap 1 setlinejoin 10 setmiterlimit
newpath 0 74.71962 moveto
149.43924 74.71962 lineto stroke
newpath 144.45793 77.21028 moveto
145.63387 75.64236 147.47935 74.71962 149.43924 74.71962 curveto
147.47935 74.71962 145.63387 73.79688 144.45793 72.22896 curveto stroke
 0.49814 0 dtransform exch truncate exch idtransform pop setlinewidth
newpath 74.71962 0 moveto
74.71962 149.43924 lineto stroke
 0 0.49814 dtransform truncate idtransform setlinewidth pop
newpath 72.22896 144.45793 moveto
73.79688 145.63387 74.71962 147.47935 74.71962 149.43924 curveto
74.71962 147.47935 75.64236 145.63387 77.21028 144.45793 curveto stroke
 0.49814 0 dtransform exch truncate exch idtransform pop setlinewidth
newpath 14.94392 72.7271 moveto
14.94392 76.71214 lineto stroke
newpath 29.88785 72.7271 moveto
29.88785 76.71214 lineto stroke
newpath 44.83177 72.7271 moveto
44.83177 76.71214 lineto stroke
newpath 59.7757 72.7271 moveto
59.7757 76.71214 lineto stroke
newpath 89.66354 72.7271 moveto
89.66354 76.71214 lineto stroke
newpath 104.60747 72.7271 moveto
104.60747 76.71214 lineto stroke
newpath 119.55139 72.7271 moveto
119.55139 76.71214 lineto stroke
newpath 134.49532 72.7271 moveto
134.49532 76.71214 lineto stroke
 0 0.49814 dtransform truncate idtransform setlinewidth pop
newpath 76.71214 14.94392 moveto
72.7271 14.94392 lineto stroke
newpath 76.71214 29.88785 moveto
72.7271 29.88785 lineto stroke
newpath 76.71214 44.83177 moveto
72.7271 44.83177 lineto stroke
newpath 76.71214 59.7757 moveto
72.7271 59.7757 lineto stroke
newpath 76.71214 89.66354 moveto
72.7271 89.66354 lineto stroke
newpath 76.71214 104.60747 moveto
72.7271 104.60747 lineto stroke
newpath 76.71214 119.55139 moveto
72.7271 119.55139 lineto stroke
newpath 76.71214 134.49532 moveto
72.7271 134.49532 lineto stroke
 0 1.24533 dtransform truncate idtransform setlinewidth pop
newpath 37.3598 123.28737 moveto
37.848 120.84407 38.34625 118.4026 38.85452 115.9634 curveto
39.3425 113.62134 39.83983 111.28134 40.3481 108.94362 curveto
40.83607 106.69916 41.33385 104.45697 41.8428 102.2173 curveto
42.33032 100.07225 42.82811 97.92972 43.33751 95.78992 curveto
43.82458 93.74452 44.32236 91.70164 44.83223 89.66171 curveto
45.31837 87.71712 45.8157 85.77524 46.3258 83.83679 curveto
46.81172 81.99 47.30951 80.1462 47.82051 78.30624 curveto
48.30598 76.55888 48.80353 74.81471 49.31522 73.07486 curveto
49.79955 71.42784 50.29665 69.78468 50.80879 68.14609 curveto
51.2929 66.59709 51.79022 65.05199 52.30351 63.51236 curveto
52.78693 62.06235 53.28401 60.61711 53.79822 59.17758 curveto
54.28072 57.82652 54.77805 56.48094 55.29292 55.14198 curveto
55.77406 53.8908 56.27094 52.64554 56.7865 51.40805 curveto
57.26718 50.25446 57.76405 49.10771 58.28122 47.9701 curveto
58.76076 46.91502 59.25761 45.86792 59.77592 44.83131 curveto
60.25455 43.87451 60.75119 42.92662 61.27063 41.99147 curveto
61.74767 41.13297 62.24362 40.28516 62.7642 39.45241 curveto
63.24033 38.69057 63.73674 37.94128 64.25891 37.21022 curveto
64.73413 36.54507 65.23032 35.8952 65.75363 35.26721 curveto
66.22769 34.69829 66.72342 34.14783 67.24721 33.62428 curveto
67.7215 33.15 68.21814 32.69804 68.74191 32.27893 curveto
69.21735 31.89859 69.71445 31.54605 70.23662 31.23274 curveto
70.71503 30.94566 71.21326 30.69278 71.73134 30.4855 curveto
72.21498 30.29214 72.71413 30.13959 73.22491 30.03743 curveto
73.71722 29.93892 74.21773 29.88785 74.71962 29.88785 curveto
75.22151 29.88785 75.72202 29.93892 76.21432 30.03743 curveto
76.72511 30.13959 77.22426 30.29214 77.7079 30.4855 curveto
78.22598 30.69278 78.72421 30.94566 79.20262 31.23274 curveto
79.7248 31.54605 80.2219 31.89859 80.69733 32.27893 curveto
81.2211 32.69804 81.71774 33.15 82.19203 33.62428 curveto
82.71582 34.14783 83.21155 34.69829 83.68561 35.26721 curveto
84.20892 35.8952 84.70511 36.54507 85.18033 37.21022 curveto
85.7025 37.94128 86.19891 38.69057 86.67503 39.45241 curveto
87.19562 40.28516 87.69157 41.13297 88.16861 41.99147 curveto
88.68805 42.92662 89.1847 43.87451 89.66331 44.83131 curveto
90.18163 45.86792 90.67848 46.91502 91.15802 47.9701 curveto
91.67519 49.10771 92.17206 50.25446 92.65274 51.40805 curveto
93.1683 52.64554 93.66518 53.8908 94.14632 55.14198 curveto
94.6612 56.48094 95.15852 57.82652 95.64102 59.17758 curveto
96.15523 60.61711 96.65231 62.06235 97.13573 63.51236 curveto
97.64902 65.05199 98.14635 66.59709 98.63045 68.14609 curveto
99.1426 69.78468 99.6397 71.42784 100.12402 73.07486 curveto
100.63571 74.81471 101.13326 76.55888 101.61873 78.30624 curveto
102.12973 80.1462 102.62752 81.99 103.11343 83.83679 curveto
103.62354 85.77524 104.12086 87.71712 104.60701 89.66171 curveto
105.11688 91.70164 105.61465 93.74452 106.10173 95.78992 curveto
106.61113 97.92972 107.10892 100.07225 107.59644 102.2173 curveto
108.1054 104.45697 108.60316 106.69916 109.09114 108.94362 curveto
109.59941 111.28134 110.09674 113.62134 110.58472 115.9634 curveto
111.09299 118.4026 111.59123 120.84407 112.07944 123.28737 curveto stroke
newpath 110.02838 120.64932 moveto
111.08914 121.15686 111.84903 122.13422 112.07944 123.28737 curveto
111.84903 122.13422 112.17499 120.93991 112.95926 120.06369 curveto stroke
newpath 36.47998 120.06369 moveto
37.26425 120.93991 37.59021 122.13422 37.3598 123.28737 curveto
37.59021 122.13422 38.3501 121.15686 39.41086 120.64932 curveto stroke
newpath 74.71962 31.88037 moveto
74.19115 31.88037 73.68439 31.67041 73.31071 31.29675 curveto
72.93706 30.92308 72.7271 30.41632 72.7271 29.88785 curveto
72.7271 29.35938 72.93706 28.85262 73.31071 28.47894 curveto
73.68439 28.10529 74.19115 27.89532 74.71962 27.89532 curveto
75.2481 27.89532 75.75485 28.10529 76.12852 28.47894 curveto
76.50218 28.85262 76.71214 29.35938 76.71214 29.88785 curveto
76.71214 30.41632 76.50218 30.92308 76.12852 31.29675 curveto
75.75485 31.67041 75.2481 31.88037 74.71962 31.88037 curveto closepath fill
newpath 59.7757 46.8243 moveto
59.24722 46.8243 58.74046 46.61433 58.36679 46.24068 curveto
57.99313 45.867 57.78317 45.36024 57.78317 44.83177 curveto
57.78317 44.3033 57.99313 43.79654 58.36679 43.42287 curveto
58.74046 43.04921 59.24722 42.83925 59.7757 42.83925 curveto
60.30417 42.83925 60.81093 43.04921 61.1846 43.42287 curveto
61.55826 43.79654 61.76822 44.3033 61.76822 44.83177 curveto
61.76822 45.36024 61.55826 45.867 61.1846 46.24068 curveto
60.81093 46.61433 60.30417 46.8243 59.7757 46.8243 curveto closepath fill
newpath 89.66354 46.8243 moveto
89.13507 46.8243 88.62831 46.61433 88.25464 46.24068 curveto
87.88098 45.867 87.67102 45.36024 87.67102 44.83177 curveto
87.67102 44.3033 87.88098 43.79654 88.25464 43.42287 curveto
88.62831 43.04921 89.13507 42.83925 89.66354 42.83925 curveto
90.19202 42.83925 90.69878 43.04921 91.07245 43.42287 curveto
91.4461 43.79654 91.65607 44.3033 91.65607 44.83177 curveto
91.65607 45.36024 91.4461 45.867 91.07245 46.24068 curveto
90.69878 46.61433 90.19202 46.8243 89.66354 46.8243 curveto closepath fill
showpage
%%EOF
