%!PS
%%BoundingBox: -1 -1 150 150 
%%HiResBoundingBox: -0.24907 -0.62267 149.68831 149.68831 
%%Creator: MetaPost 2.10
%%CreationDate: 2025.07.14:0743
%%Pages: 1
%%BeginProlog
%%EndProlog
%%Page: 1 1
 0 0 0 setrgbcolor 0 0.49814 dtransform truncate idtransform setlinewidth pop
 [] 0 setdash 1 setlinecap 1 setlinejoin 10 setmiterlimit
newpath 0 74.71962 moveto
149.43924 74.71962 lineto stroke
newpath 144.45793 77.21028 moveto
145.63387 75.64236 147.47935 74.71962 149.43924 74.71962 curveto
147.47935 74.71962 145.63387 73.79688 144.45793 72.22896 curveto stroke
 0.49814 0 dtransform exch truncate exch idtransform pop setlinewidth
newpath 74.71962 0 moveto
74.71962 149.43924 lineto stroke
 0 0.49814 dtransform truncate idtransform setlinewidth pop
newpath 72.22896 144.45793 moveto
73.79688 145.63387 74.71962 147.47935 74.71962 149.43924 curveto
74.71962 147.47935 75.64236 145.63387 77.21028 144.45793 curveto stroke
 0.49814 0 dtransform exch truncate exch idtransform pop setlinewidth
newpath 14.94392 72.7271 moveto
14.94392 76.71214 lineto stroke
newpath 29.88785 72.7271 moveto
29.88785 76.71214 lineto stroke
newpath 44.83177 72.7271 moveto
44.83177 76.71214 lineto stroke
newpath 59.7757 72.7271 moveto
59.7757 76.71214 lineto stroke
newpath 89.66354 72.7271 moveto
89.66354 76.71214 lineto stroke
newpath 104.60747 72.7271 moveto
104.60747 76.71214 lineto stroke
newpath 119.55139 72.7271 moveto
119.55139 76.71214 lineto stroke
newpath 134.49532 72.7271 moveto
134.49532 76.71214 lineto stroke
 0 0.49814 dtransform truncate idtransform setlinewidth pop
newpath 76.71214 14.94392 moveto
72.7271 14.94392 lineto stroke
newpath 76.71214 29.88785 moveto
72.7271 29.88785 lineto stroke
newpath 76.71214 44.83177 moveto
72.7271 44.83177 lineto stroke
newpath 76.71214 59.7757 moveto
72.7271 59.7757 lineto stroke
newpath 76.71214 89.66354 moveto
72.7271 89.66354 lineto stroke
newpath 76.71214 104.60747 moveto
72.7271 104.60747 lineto stroke
newpath 76.71214 119.55139 moveto
72.7271 119.55139 lineto stroke
newpath 76.71214 134.49532 moveto
72.7271 134.49532 lineto stroke
 0 1.24533 dtransform truncate idtransform setlinewidth pop
newpath 29.88785 0 moveto
30.37355 1.9453 30.87155 3.88762 31.38188 5.82675 curveto
31.86803 7.67377 32.36559 9.5178 32.87682 11.35799 curveto
33.36206 13.10466 33.85938 14.84793 34.37085 16.58708 curveto
34.85562 18.23549 35.35318 19.88046 35.86578 21.52043 curveto
36.34966 23.06873 36.84676 24.61292 37.3598 26.15187 curveto
37.843 27.6012 38.34009 29.04575 38.85384 30.48459 curveto
39.33633 31.83588 39.83366 33.18169 40.34877 34.52089 curveto
40.83014 35.77252 41.32701 37.01823 41.8428 38.25595 curveto
42.32349 39.40953 42.82059 40.5565 43.33774 41.69437 curveto
43.81706 42.74898 44.31369 43.79562 44.83177 44.83177 curveto
45.31017 45.78812 45.80635 46.73557 46.3258 47.67047 curveto
46.80328 48.52968 47.2997 49.37816 47.82074 50.21182 curveto
48.29663 50.97343 48.79282 51.72205 49.31477 52.45287 curveto
49.78998 53.11824 50.28639 53.76811 50.80971 54.39633 curveto
51.28377 54.96526 51.77995 55.51595 52.30373 56.03972 curveto
52.7778 56.51378 53.27422 56.9655 53.79776 57.38438 curveto
54.2732 57.76474 54.77052 58.1175 55.2927 58.4308 curveto
55.77087 58.71765 56.26888 58.97076 56.78673 59.17781 curveto
57.27083 59.3714 57.77043 59.52419 58.28166 59.62634 curveto
58.77374 59.72485 59.27403 59.7757 59.7757 59.7757 curveto
60.27736 59.7757 60.77765 59.72485 61.26973 59.62634 curveto
61.78096 59.52419 62.28056 59.3714 62.76466 59.17781 curveto
63.28252 58.97076 63.78052 58.71765 64.2587 58.4308 curveto
64.78087 58.1175 65.2782 57.76474 65.75363 57.38438 curveto
66.27718 56.9655 66.77359 56.51378 67.24765 56.03972 curveto
67.77144 55.51595 68.26762 54.96526 68.74168 54.39633 curveto
69.265 53.76811 69.76141 53.11824 70.23662 52.45287 curveto
70.75858 51.72205 71.25476 50.97343 71.73065 50.21182 curveto
72.2517 49.37816 72.74811 48.52968 73.22559 47.67047 curveto
73.74504 46.73557 74.24123 45.78812 74.71962 44.83177 curveto
75.2377 43.79562 75.73433 42.74898 76.21365 41.69437 curveto
76.7308 40.5565 77.2279 39.40953 77.70859 38.25595 curveto
78.22438 37.01823 78.72125 35.77252 79.20262 34.52089 curveto
79.71773 33.18169 80.21506 31.83588 80.69756 30.48459 curveto
81.2113 29.04575 81.70839 27.6012 82.19159 26.15187 curveto
82.70464 24.61292 83.20174 23.06873 83.68561 21.52043 curveto
84.19821 19.88046 84.69577 18.23549 85.18054 16.58708 curveto
85.69202 14.84793 86.18933 13.10466 86.67458 11.35799 curveto
87.1858 9.5178 87.68336 7.67377 88.16951 5.82675 curveto
88.67984 3.88762 89.17784 1.9453 89.66354 0 curveto stroke
newpath 90.3894 3.26178 moveto
89.64758 2.34935 89.37868 1.14091 89.66354 0 curveto
89.37868 1.14091 88.57327 2.0811 87.48962 2.53775 curveto stroke
newpath 32.06177 2.53775 moveto
30.97812 2.0811 30.17271 1.14091 29.88785 0 curveto
30.17271 1.14091 29.90381 2.34935 29.16199 3.26178 curveto stroke
newpath 59.7757 61.76822 moveto
59.24722 61.76822 58.74046 61.55826 58.36679 61.1846 curveto
57.99313 60.81093 57.78317 60.30417 57.78317 59.7757 curveto
57.78317 59.24722 57.99313 58.74046 58.36679 58.36679 curveto
58.74046 57.99313 59.24722 57.78317 59.7757 57.78317 curveto
60.30417 57.78317 60.81093 57.99313 61.1846 58.36679 curveto
61.55826 58.74046 61.76822 59.24722 61.76822 59.7757 curveto
61.76822 60.30417 61.55826 60.81093 61.1846 61.1846 curveto
60.81093 61.55826 60.30417 61.76822 59.7757 61.76822 curveto closepath fill
newpath 74.71962 46.8243 moveto
74.19115 46.8243 73.68439 46.61433 73.31071 46.24068 curveto
72.93706 45.867 72.7271 45.36024 72.7271 44.83177 curveto
72.7271 44.3033 72.93706 43.79654 73.31071 43.42287 curveto
73.68439 43.04921 74.19115 42.83925 74.71962 42.83925 curveto
75.2481 42.83925 75.75485 43.04921 76.12852 43.42287 curveto
76.50218 43.79654 76.71214 44.3033 76.71214 44.83177 curveto
76.71214 45.36024 76.50218 45.867 76.12852 46.24068 curveto
75.75485 46.61433 75.2481 46.8243 74.71962 46.8243 curveto closepath fill
newpath 44.83177 46.8243 moveto
44.3033 46.8243 43.79654 46.61433 43.42287 46.24068 curveto
43.04921 45.867 42.83925 45.36024 42.83925 44.83177 curveto
42.83925 44.3033 43.04921 43.79654 43.42287 43.42287 curveto
43.79654 43.04921 44.3033 42.83925 44.83177 42.83925 curveto
45.36024 42.83925 45.867 43.04921 46.24068 43.42287 curveto
46.61433 43.79654 46.8243 44.3033 46.8243 44.83177 curveto
46.8243 45.36024 46.61433 45.867 46.24068 46.24068 curveto
45.867 46.61433 45.36024 46.8243 44.83177 46.8243 curveto closepath fill
showpage
%%EOF
