%!PS
%%BoundingBox: -1 -1 151 150 
%%HiResBoundingBox: -0.24907 -0.24907 150.06253 149.68831 
%%Creator: MetaPost 2.10
%%CreationDate: 2025.07.14:0743
%%Pages: 1
%%BeginProlog
%%EndProlog
%%Page: 1 1
 0 0 0 setrgbcolor 0 0.49814 dtransform truncate idtransform setlinewidth pop
 [] 0 setdash 1 setlinecap 1 setlinejoin 10 setmiterlimit
newpath 0 74.71962 moveto
149.43924 74.71962 lineto stroke
newpath 144.45793 77.21028 moveto
145.63387 75.64236 147.47935 74.71962 149.43924 74.71962 curveto
147.47935 74.71962 145.63387 73.79688 144.45793 72.22896 curveto stroke
 0.49814 0 dtransform exch truncate exch idtransform pop setlinewidth
newpath 74.71962 0 moveto
74.71962 149.43924 lineto stroke
 0 0.49814 dtransform truncate idtransform setlinewidth pop
newpath 72.22896 144.45793 moveto
73.79688 145.63387 74.71962 147.47935 74.71962 149.43924 curveto
74.71962 147.47935 75.64236 145.63387 77.21028 144.45793 curveto stroke
 0.49814 0 dtransform exch truncate exch idtransform pop setlinewidth
newpath 14.94392 72.7271 moveto
14.94392 76.71214 lineto stroke
newpath 29.88785 72.7271 moveto
29.88785 76.71214 lineto stroke
newpath 44.83177 72.7271 moveto
44.83177 76.71214 lineto stroke
newpath 59.7757 72.7271 moveto
59.7757 76.71214 lineto stroke
newpath 89.66354 72.7271 moveto
89.66354 76.71214 lineto stroke
newpath 104.60747 72.7271 moveto
104.60747 76.71214 lineto stroke
newpath 119.55139 72.7271 moveto
119.55139 76.71214 lineto stroke
newpath 134.49532 72.7271 moveto
134.49532 76.71214 lineto stroke
 0 0.49814 dtransform truncate idtransform setlinewidth pop
newpath 76.71214 14.94392 moveto
72.7271 14.94392 lineto stroke
newpath 76.71214 29.88785 moveto
72.7271 29.88785 lineto stroke
newpath 76.71214 44.83177 moveto
72.7271 44.83177 lineto stroke
newpath 76.71214 59.7757 moveto
72.7271 59.7757 lineto stroke
newpath 76.71214 89.66354 moveto
72.7271 89.66354 lineto stroke
newpath 76.71214 104.60747 moveto
72.7271 104.60747 lineto stroke
newpath 76.71214 119.55139 moveto
72.7271 119.55139 lineto stroke
newpath 76.71214 134.49532 moveto
72.7271 134.49532 lineto stroke
 0 1.24533 dtransform truncate idtransform setlinewidth pop
newpath 41.0958 4.66998 moveto
41.59198 6.07599 42.0934 7.48016 42.60031 8.88231 curveto
43.09627 10.25456 43.59769 11.62477 44.1046 12.99294 curveto
44.60124 14.33327 45.10312 15.67155 45.6107 17.00757 curveto
46.10645 18.31256 46.60786 19.6155 47.115 20.91615 curveto
47.61073 22.18787 48.11215 23.4575 48.61952 24.72466 curveto
49.11502 25.9626 49.61644 27.19804 50.12381 28.43121 curveto
50.62 29.63702 51.12187 30.84055 51.62991 32.04155 curveto
52.12541 33.21246 52.62685 34.3811 53.13443 35.54677 curveto
53.6297 36.68417 54.1309 37.81883 54.63872 38.95052 curveto
55.13399 40.05463 55.6352 41.15576 56.14323 42.25394 curveto
56.63829 43.3243 57.13948 44.39145 57.64752 45.45566 curveto
58.14304 46.49362 58.64491 47.52864 59.15364 48.56023 curveto
59.64845 49.56354 60.14966 50.56366 60.65793 51.56013 curveto
61.15274 52.53017 61.65395 53.49677 62.16245 54.45949 curveto
62.65703 55.39577 63.15823 56.32863 63.66673 57.25737 curveto
64.16177 58.1615 64.66344 59.06152 65.17285 59.95766 curveto
65.6672 60.82735 66.16841 61.69295 66.67737 62.55397 curveto
67.1715 63.38991 67.6727 64.22176 68.18166 65.0488 curveto
68.67578 65.85168 69.17699 66.65 69.68617 67.4433 curveto
70.18007 68.21266 70.68127 68.97723 71.19046 69.73633 curveto
71.68481 70.47308 72.18648 71.20482 72.69658 71.93086 curveto
73.19025 72.6334 73.69122 73.33072 74.20087 74.02187 curveto
74.6943 74.69135 75.19574 75.35513 75.70538 76.0123 curveto
76.1986 76.64827 76.70003 77.2783 77.20967 77.90128 curveto
77.70357 78.50485 78.20546 79.10205 78.71577 79.69173 curveto
79.209 80.26134 79.71043 80.82411 80.22029 81.37889 curveto
80.71352 81.91544 81.21472 82.44446 81.72458 82.96504 curveto
82.2178 83.46852 82.71901 83.96404 83.2291 84.45041 curveto
83.72232 84.92082 84.22353 85.38258 84.73338 85.83453 curveto
85.2273 86.27234 85.72896 86.7008 86.2395 87.11923 curveto
86.73296 87.52351 87.23392 87.918 87.74379 88.30154 curveto
88.23747 88.673 88.73889 89.03374 89.2483 89.38284 curveto
89.74199 89.72124 90.24341 90.04845 90.7526 90.36313 curveto
91.2474 90.66891 91.7493 90.96283 92.25871 91.24353 curveto
92.7533 91.51602 93.25473 91.77576 93.76323 92.02179 curveto
94.25827 92.26144 94.75993 92.48743 95.26752 92.69904 curveto
95.76324 92.90562 96.26491 93.0983 96.77203 93.27548 curveto
97.26868 93.449 97.7701 93.60771 98.27632 93.75069 curveto
98.77432 93.89137 99.27644 94.01657 99.78244 94.12556 curveto
100.2809 94.23273 100.78256 94.3244 101.28673 94.39896 curveto
101.7861 94.47307 102.28798 94.53053 102.79124 94.57135 curveto
103.29176 94.61194 103.79341 94.63565 104.29553 94.64273 curveto
104.79764 94.64957 105.29999 94.63976 105.80164 94.61308 curveto
106.30444 94.5864 106.80632 94.54262 107.30615 94.48242 curveto
107.80986 94.42177 108.31152 94.34424 108.81044 94.25075 curveto
109.31552 94.15611 109.81696 94.04506 110.31496 93.91829 curveto
110.82072 93.78944 111.32239 93.64465 111.81924 93.4848 curveto
112.32661 93.32153 112.82872 93.14276 113.32536 92.94963 curveto
113.83272 92.75215 114.33438 92.5401 114.82965 92.31412 curveto
115.33792 92.08244 115.83936 91.83641 116.33417 91.57759 curveto
116.8429 91.3115 117.3441 91.03192 117.83846 90.74005 curveto
118.3481 90.43906 118.84998 90.12552 119.34457 89.80035 curveto
119.85399 89.4654 120.35541 89.11856 120.84909 88.76079 curveto
121.35873 88.39162 121.85992 88.01103 122.35338 87.62042 curveto
122.86325 87.21683 123.36444 86.8025 123.8579 86.37883 curveto
124.36777 85.94078 124.86896 85.49318 125.36218 85.03644 curveto
125.87273 84.56374 126.37462 84.0817 126.8683 83.59143 curveto
127.37816 83.08499 127.8796 82.56987 128.37259 82.04701 curveto
128.88245 81.50636 129.38388 80.9575 129.8771 80.40158 curveto
130.38696 79.82672 130.88817 79.24434 131.3814 78.65512 curveto
131.89171 78.04561 132.3936 77.42857 132.8875 76.8056 curveto
133.39714 76.16257 133.89857 75.5127 134.39201 74.85712 curveto
134.90166 74.18011 135.40286 73.49672 135.8963 72.80785 curveto
136.40594 72.09663 136.90715 71.37949 137.40082 70.65733 curveto
137.91023 69.91237 138.41144 69.16148 138.90512 68.40604 curveto
139.41498 67.62595 139.91664 66.84087 140.41122 66.05098 curveto
140.92018 65.23784 141.42139 64.42014 141.91551 63.59787 curveto
142.42447 62.75075 142.92567 61.89908 143.42003 61.04329 curveto
143.92876 60.16243 144.42996 59.27724 144.92432 58.38815 curveto
145.4335 57.4724 145.9354 56.55232 146.43044 55.62881 curveto
146.93893 54.68 147.44037 53.7273 147.93495 52.7712 curveto
148.44322 51.78862 148.94466 50.80264 149.43924 49.813 curveto stroke
newpath 149.43987 53.1546 moveto
148.91377 52.1029 148.91353 50.8649 149.43924 49.813 curveto
148.91353 50.8649 147.92326 51.60788 146.76634 51.81845 curveto stroke
newpath 43.49965 6.99106 moveto
42.37773 6.63881 41.48714 5.77888 41.0958 4.66998 curveto
41.48714 5.77888 41.33354 7.00731 40.68123 7.98572 curveto stroke
newpath 74.71962 76.71214 moveto
74.19115 76.71214 73.68439 76.50218 73.31071 76.12852 curveto
72.93706 75.75485 72.7271 75.2481 72.7271 74.71962 curveto
72.7271 74.19115 72.93706 73.68439 73.31071 73.31071 curveto
73.68439 72.93706 74.19115 72.7271 74.71962 72.7271 curveto
75.2481 72.7271 75.75485 72.93706 76.12852 73.31071 curveto
76.50218 73.68439 76.71214 74.19115 76.71214 74.71962 curveto
76.71214 75.2481 76.50218 75.75485 76.12852 76.12852 curveto
75.75485 76.50218 75.2481 76.71214 74.71962 76.71214 curveto closepath fill
newpath 89.66354 91.65607 moveto
89.13507 91.65607 88.62831 91.4461 88.25464 91.07245 curveto
87.88098 90.69878 87.67102 90.19202 87.67102 89.66354 curveto
87.67102 89.13507 87.88098 88.62831 88.25464 88.25464 curveto
88.62831 87.88098 89.13507 87.67102 89.66354 87.67102 curveto
90.19202 87.67102 90.69878 87.88098 91.07245 88.25464 curveto
91.4461 88.62831 91.65607 89.13507 91.65607 89.66354 curveto
91.65607 90.19202 91.4461 90.69878 91.07245 91.07245 curveto
90.69878 91.4461 90.19202 91.65607 89.66354 91.65607 curveto closepath fill
newpath 104.60747 96.63684 moveto
104.079 96.63684 103.57224 96.42688 103.19856 96.05322 curveto
102.8249 95.67955 102.61494 95.17279 102.61494 94.64432 curveto
102.61494 94.11584 102.8249 93.60909 103.19856 93.23541 curveto
103.57224 92.86176 104.079 92.6518 104.60747 92.6518 curveto
105.13594 92.6518 105.6427 92.86176 106.01637 93.23541 curveto
106.39003 93.60909 106.59999 94.11584 106.59999 94.64432 curveto
106.59999 95.17279 106.39003 95.67955 106.01637 96.05322 curveto
105.6427 96.42688 105.13594 96.63684 104.60747 96.63684 curveto closepath fill
newpath 134.49532 76.71214 moveto
133.96684 76.71214 133.46008 76.50218 133.08641 76.12852 curveto
132.71275 75.75485 132.50279 75.2481 132.50279 74.71962 curveto
132.50279 74.19115 132.71275 73.68439 133.08641 73.31071 curveto
133.46008 72.93706 133.96684 72.7271 134.49532 72.7271 curveto
135.02379 72.7271 135.53055 72.93706 135.90422 73.31071 curveto
136.27788 73.68439 136.48784 74.19115 136.48784 74.71962 curveto
136.48784 75.2481 136.27788 75.75485 135.90422 76.12852 curveto
135.53055 76.50218 135.02379 76.71214 134.49532 76.71214 curveto closepath fill
showpage
%%EOF
