%!PS
%%BoundingBox: -1 -1 150 151 
%%HiResBoundingBox: -0.24907 -0.24907 149.68831 150.0619 
%%Creator: MetaPost 2.10
%%CreationDate: 2025.07.14:0743
%%Pages: 1
%%BeginProlog
%%EndProlog
%%Page: 1 1
 0 0 0 setrgbcolor 0 0.49814 dtransform truncate idtransform setlinewidth pop
 [] 0 setdash 1 setlinecap 1 setlinejoin 10 setmiterlimit
newpath 0 74.71962 moveto
149.43924 74.71962 lineto stroke
newpath 144.45793 77.21028 moveto
145.63387 75.64236 147.47935 74.71962 149.43924 74.71962 curveto
147.47935 74.71962 145.63387 73.79688 144.45793 72.22896 curveto stroke
 0.49814 0 dtransform exch truncate exch idtransform pop setlinewidth
newpath 74.71962 0 moveto
74.71962 149.43924 lineto stroke
 0 0.49814 dtransform truncate idtransform setlinewidth pop
newpath 72.22896 144.45793 moveto
73.79688 145.63387 74.71962 147.47935 74.71962 149.43924 curveto
74.71962 147.47935 75.64236 145.63387 77.21028 144.45793 curveto stroke
 0.49814 0 dtransform exch truncate exch idtransform pop setlinewidth
newpath 14.94392 72.7271 moveto
14.94392 76.71214 lineto stroke
newpath 29.88785 72.7271 moveto
29.88785 76.71214 lineto stroke
newpath 44.83177 72.7271 moveto
44.83177 76.71214 lineto stroke
newpath 59.7757 72.7271 moveto
59.7757 76.71214 lineto stroke
newpath 89.66354 72.7271 moveto
89.66354 76.71214 lineto stroke
newpath 104.60747 72.7271 moveto
104.60747 76.71214 lineto stroke
newpath 119.55139 72.7271 moveto
119.55139 76.71214 lineto stroke
newpath 134.49532 72.7271 moveto
134.49532 76.71214 lineto stroke
 0 0.49814 dtransform truncate idtransform setlinewidth pop
newpath 76.71214 14.94392 moveto
72.7271 14.94392 lineto stroke
newpath 76.71214 29.88785 moveto
72.7271 29.88785 lineto stroke
newpath 76.71214 44.83177 moveto
72.7271 44.83177 lineto stroke
newpath 76.71214 59.7757 moveto
72.7271 59.7757 lineto stroke
newpath 76.71214 89.66354 moveto
72.7271 89.66354 lineto stroke
newpath 76.71214 104.60747 moveto
72.7271 104.60747 lineto stroke
newpath 76.71214 119.55139 moveto
72.7271 119.55139 lineto stroke
newpath 76.71214 134.49532 moveto
72.7271 134.49532 lineto stroke
 0 1.24533 dtransform truncate idtransform setlinewidth pop
newpath 14.94392 149.43924 moveto
15.4335 146.49953 15.9315 143.56119 16.43796 140.62444 curveto
16.92798 137.78186 17.42622 134.94043 17.93335 132.10081 curveto
18.4227 129.36017 18.92047 126.62111 19.42737 123.88367 curveto
19.91649 121.24243 20.41405 118.60303 20.9214 115.96523 curveto
21.4103 113.42365 21.90784 110.88367 22.41544 108.34573 curveto
22.90431 105.90129 23.40233 103.45868 23.91083 101.01834 curveto
24.3988 98.6756 24.89658 96.3349 25.40485 93.99649 curveto
25.89261 91.75317 26.39015 89.51213 26.89888 87.27338 curveto
27.38617 85.12947 27.88373 82.98785 28.39291 80.84897 curveto
28.8802 78.80243 29.3782 76.75864 29.8883 74.71779 curveto
30.37468 72.7725 30.87201 70.83017 31.38232 68.89104 curveto
31.86803 67.04517 32.36559 65.20227 32.87636 63.36324 curveto
33.3616 61.61655 33.85892 59.87329 34.37039 58.13414 curveto
34.8554 56.48505 35.35318 54.83984 35.86578 53.19919 curveto
36.34966 51.6509 36.84676 50.1067 37.3598 48.56775 curveto
37.843 47.11842 38.33986 45.67387 38.85384 44.23503 curveto
39.33656 42.88329 39.83412 41.53725 40.34923 40.1976 curveto
40.8306 38.94595 41.32747 37.70026 41.84326 36.46252 curveto
42.32372 35.30963 42.82036 34.16335 43.3373 33.02617 curveto
43.8166 31.97156 44.31325 30.92491 44.83131 29.88876 curveto
45.31017 28.9315 45.80681 27.98314 46.3267 27.04755 curveto
46.80374 26.18881 47.30016 25.34077 47.82074 24.5078 curveto
48.29663 23.74619 48.79282 22.99757 49.31477 22.26675 curveto
49.78975 21.60184 50.2857 20.95218 50.80879 20.32443 curveto
51.28331 19.75482 51.77995 19.20367 52.30418 18.67944 curveto
52.77826 18.20515 53.27467 17.75366 53.79822 17.33478 curveto
54.27342 16.95467 54.7703 16.60213 55.29225 16.28905 curveto
55.77042 16.0022 56.26843 15.74908 56.78627 15.54204 curveto
57.27037 15.34845 57.7702 15.19566 58.28166 15.09328 curveto
58.77374 14.99477 59.27403 14.94392 59.7757 14.94392 curveto
60.27736 14.94392 60.77765 14.99477 61.26973 15.09328 curveto
61.78119 15.19566 62.28102 15.34845 62.76512 15.54204 curveto
63.28296 15.74908 63.78098 16.0022 64.25914 16.28905 curveto
64.7811 16.60213 65.27797 16.95467 65.75317 17.33478 curveto
66.27672 17.75366 66.77313 18.20515 67.24721 18.67944 curveto
67.77144 19.20367 68.26808 19.75482 68.7426 20.32443 curveto
69.26569 20.95218 69.76164 21.60184 70.23662 22.26675 curveto
70.75858 22.99757 71.25476 23.74619 71.73065 24.5078 curveto
72.25124 25.34077 72.74765 26.18881 73.22469 27.04755 curveto
73.74458 27.98314 74.24123 28.9315 74.72008 29.88876 curveto
75.23814 30.92491 75.73479 31.97156 76.2141 33.02617 curveto
76.73103 34.16335 77.22768 35.30963 77.70813 36.46252 curveto
78.22392 37.70026 78.7208 38.94595 79.20216 40.1976 curveto
79.71727 41.53725 80.21483 42.88329 80.69756 44.23503 curveto
81.21153 45.67387 81.70839 47.11842 82.19159 48.56775 curveto
82.70464 50.1067 83.20174 51.6509 83.68561 53.19919 curveto
84.19821 54.83984 84.696 56.48505 85.181 58.13414 curveto
85.69247 59.87329 86.18979 61.61655 86.67503 63.36324 curveto
87.1858 65.20227 87.68336 67.04517 88.16907 68.89104 curveto
88.67938 70.83017 89.17671 72.7725 89.66309 74.71779 curveto
90.17319 76.75864 90.67119 78.80243 91.15848 80.84897 curveto
91.66766 82.98785 92.16522 85.12947 92.65251 87.27338 curveto
93.16124 89.51213 93.65878 91.75317 94.14655 93.99649 curveto
94.65482 96.3349 95.15259 98.6756 95.64056 101.01834 curveto
96.14906 103.45868 96.64708 105.90129 97.13596 108.34573 curveto
97.64355 110.88367 98.1411 113.42365 98.62999 115.96523 curveto
99.13734 118.60303 99.6349 121.24243 100.12402 123.88367 curveto
100.63092 126.62111 101.1287 129.36017 101.61804 132.10081 curveto
102.12517 134.94043 102.62341 137.78186 103.11343 140.62444 curveto
103.61989 143.56119 104.11789 146.49953 104.60747 149.43924 curveto stroke
newpath 102.64238 146.73654 moveto
103.68626 147.27797 104.41429 148.27928 104.60747 149.43924 curveto
104.41429 148.27928 104.77852 147.09605 105.59059 146.24554 curveto stroke
newpath 13.9608 146.24554 moveto
14.77287 147.09605 15.1371 148.27928 14.94392 149.43924 curveto
15.1371 148.27928 15.86513 147.27797 16.90901 146.73654 curveto stroke
newpath 29.88785 76.71214 moveto
29.35938 76.71214 28.85262 76.50218 28.47894 76.12852 curveto
28.10529 75.75485 27.89532 75.2481 27.89532 74.71962 curveto
27.89532 74.19115 28.10529 73.68439 28.47894 73.31071 curveto
28.85262 72.93706 29.35938 72.7271 29.88785 72.7271 curveto
30.41632 72.7271 30.92308 72.93706 31.29675 73.31071 curveto
31.67041 73.68439 31.88037 74.19115 31.88037 74.71962 curveto
31.88037 75.2481 31.67041 75.75485 31.29675 76.12852 curveto
30.92308 76.50218 30.41632 76.71214 29.88785 76.71214 curveto closepath fill
newpath 59.7757 16.93645 moveto
59.24722 16.93645 58.74046 16.72649 58.36679 16.35283 curveto
57.99313 15.97916 57.78317 15.4724 57.78317 14.94392 curveto
57.78317 14.41545 57.99313 13.90869 58.36679 13.53502 curveto
58.74046 13.16136 59.24722 12.9514 59.7757 12.9514 curveto
60.30417 12.9514 60.81093 13.16136 61.1846 13.53502 curveto
61.55826 13.90869 61.76822 14.41545 61.76822 14.94392 curveto
61.76822 15.4724 61.55826 15.97916 61.1846 16.35283 curveto
60.81093 16.72649 60.30417 16.93645 59.7757 16.93645 curveto closepath fill
newpath 74.71962 31.88037 moveto
74.19115 31.88037 73.68439 31.67041 73.31071 31.29675 curveto
72.93706 30.92308 72.7271 30.41632 72.7271 29.88785 curveto
72.7271 29.35938 72.93706 28.85262 73.31071 28.47894 curveto
73.68439 28.10529 74.19115 27.89532 74.71962 27.89532 curveto
75.2481 27.89532 75.75485 28.10529 76.12852 28.47894 curveto
76.50218 28.85262 76.71214 29.35938 76.71214 29.88785 curveto
76.71214 30.41632 76.50218 30.92308 76.12852 31.29675 curveto
75.75485 31.67041 75.2481 31.88037 74.71962 31.88037 curveto closepath fill
newpath 89.66354 76.71214 moveto
89.13507 76.71214 88.62831 76.50218 88.25464 76.12852 curveto
87.88098 75.75485 87.67102 75.2481 87.67102 74.71962 curveto
87.67102 74.19115 87.88098 73.68439 88.25464 73.31071 curveto
88.62831 72.93706 89.13507 72.7271 89.66354 72.7271 curveto
90.19202 72.7271 90.69878 72.93706 91.07245 73.31071 curveto
91.4461 73.68439 91.65607 74.19115 91.65607 74.71962 curveto
91.65607 75.2481 91.4461 75.75485 91.07245 76.12852 curveto
90.69878 76.50218 90.19202 76.71214 89.66354 76.71214 curveto closepath fill
showpage
%%EOF
